(0,1,0,1)=a_58
(0,1,0,2)=a_62
(0,1,0,3)=a_62
(0,1,1,0)=a_58
(0,1,1,1)=a_62
(0,1,1,2)=a_62
(0,1,1,3)=a_65
(0,1,2,0)=a_62
(0,1,2,1)=a_65
(0,1,2,2)=a_65
(0,1,2,3)=a_69
(0,1,3,0)=a_65
(0,1,3,1)=a_65
(0,1,3,2)=a_69
(0,1,3,3)=a_78
(0,1,5,0)=a_64
(0,1,5,1)=a_68
(0,1,5,2)=a_77
(0,1,5,3)=a_81
(0,1,6,0)=a_68
(0,1,6,1)=a_81
(0,1,6,2)=a_81
(0,2,0,1)=a_170
(0,2,0,2)=a_174
(0,2,0,3)=a_174
(0,2,1,0)=a_170
(0,2,1,1)=a_174
(0,2,1,2)=a_174
(0,2,1,3)=a_177
(0,2,2,0)=a_174
(0,2,2,1)=a_177
(0,2,2,2)=a_177
(0,2,2,3)=a_181
(0,2,3,0)=a_177
(0,2,3,1)=a_177
(0,2,3,2)=a_181
(0,2,3,3)=a_330
(0,2,5,0)=a_176
(0,2,5,1)=a_329
(0,2,5,2)=a_329
(0,2,5,3)=a_333
(0,2,6,0)=a_329
(0,2,6,1)=a_333
(0,2,6,2)=a_333
(0,3,0,1)=a_282
(0,3,0,2)=a_286
(0,3,0,3)=a_290
(0,3,1,0)=a_282
(0,3,1,1)=a_286
(0,3,1,2)=a_290
(0,3,1,3)=a_290
(0,3,2,0)=a_286
(0,3,2,1)=a_290
(0,3,2,2)=a_290
(0,3,2,3)=a_434
(0,3,3,0)=a_290
(0,3,3,1)=a_289
(0,3,3,2)=a_434
(0,3,3,3)=a_442
(0,3,5,0)=a_288
(0,3,5,1)=a_441
(0,3,5,2)=a_441
(0,3,5,3)=a_305
(0,3,6,0)=a_441
(0,3,6,1)=a_441
(0,3,6,2)=a_305
(1,0,0,1)=a_58
(1,0,0,2)=a_62
(1,0,0,3)=a_62
(1,0,1,0)=a_58
(1,0,1,1)=a_62
(1,0,1,2)=a_62
(1,0,1,3)=a_65
(1,0,2,0)=a_62
(1,0,2,1)=a_65
(1,0,2,2)=a_65
(1,0,2,3)=a_69
(1,0,3,0)=a_65
(1,0,3,1)=a_65
(1,0,3,2)=a_69
(1,0,3,3)=a_78
(1,0,5,0)=a_64
(1,0,5,1)=a_68
(1,0,5,2)=a_77
(1,0,5,3)=a_81
(1,0,6,0)=a_68
(1,0,6,1)=a_81
(1,0,6,2)=a_81
(1,1,0,1)=a_170
(1,1,0,2)=a_174
(1,1,0,3)=a_174
(1,1,1,0)=a_170
(1,1,1,1)=a_174
(1,1,1,2)=a_174
(1,1,1,3)=a_177
(1,1,2,0)=a_174
(1,1,2,1)=a_177
(1,1,2,2)=a_177
(1,1,2,3)=a_181
(1,1,3,0)=a_177
(1,1,3,1)=a_177
(1,1,3,2)=a_181
(1,1,3,3)=a_190
(1,1,5,0)=a_176
(1,1,5,1)=a_189
(1,1,5,2)=a_189
(1,1,5,3)=a_193
(1,1,6,0)=a_189
(1,1,6,1)=a_193
(1,1,6,2)=a_193
(1,2,0,1)=a_282
(1,2,0,2)=a_286
(1,2,0,3)=a_290
(1,2,1,0)=a_282
(1,2,1,1)=a_286
(1,2,1,2)=a_290
(1,2,1,3)=a_290
(1,2,2,0)=a_286
(1,2,2,1)=a_290
(1,2,2,2)=a_290
(1,2,2,3)=a_434
(1,2,3,0)=a_290
(1,2,3,1)=a_289
(1,2,3,2)=a_434
(1,2,3,3)=a_442
(1,2,5,0)=a_288
(1,2,5,1)=a_441
(1,2,5,2)=a_441
(1,2,5,3)=a_305
(1,2,6,0)=a_441
(1,2,6,1)=a_441
(1,2,6,2)=a_305
(1,3,0,1)=a_282
(1,3,0,2)=a_286
(1,3,0,3)=a_402
(1,3,1,0)=a_282
(1,3,1,1)=a_286
(1,3,1,2)=a_402
(1,3,1,3)=a_402
(1,3,2,0)=a_286
(1,3,2,1)=a_402
(1,3,2,2)=a_402
(1,3,2,3)=a_406
(1,3,3,0)=a_402
(1,3,3,1)=a_406
(1,3,3,2)=a_406
(1,3,3,3)=a_554
(1,3,5,0)=a_405
(1,3,5,1)=a_413
(1,3,5,2)=a_413
(1,3,5,3)=a_557
(1,3,6,0)=a_413
(1,3,6,1)=a_413
(1,3,6,2)=a_557
(2,0,0,1)=a_170
(2,0,0,2)=a_174
(2,0,0,3)=a_174
(2,0,1,0)=a_170
(2,0,1,1)=a_174
(2,0,1,2)=a_174
(2,0,1,3)=a_177
(2,0,2,0)=a_174
(2,0,2,1)=a_177
(2,0,2,2)=a_177
(2,0,2,3)=a_181
(2,0,3,0)=a_177
(2,0,3,1)=a_177
(2,0,3,2)=a_181
(2,0,3,3)=a_190
(2,0,5,0)=a_176
(2,0,5,1)=a_189
(2,0,5,2)=a_189
(2,0,5,3)=a_193
(2,0,6,0)=a_189
(2,0,6,1)=a_193
(2,0,6,2)=a_193
(2,1,0,1)=a_282
(2,1,0,2)=a_286
(2,1,0,3)=a_290
(2,1,1,0)=a_282
(2,1,1,1)=a_286
(2,1,1,2)=a_290
(2,1,1,3)=a_290
(2,1,2,0)=a_286
(2,1,2,1)=a_290
(2,1,2,2)=a_290
(2,1,2,3)=a_293
(2,1,3,0)=a_290
(2,1,3,1)=a_289
(2,1,3,2)=a_293
(2,1,3,3)=a_302
(2,1,5,0)=a_288
(2,1,5,1)=a_301
(2,1,5,2)=a_301
(2,1,5,3)=a_305
(2,1,6,0)=a_301
(2,1,6,1)=a_305
(2,1,6,2)=a_305
(2,2,0,1)=a_282
(2,2,0,2)=a_286
(2,2,0,3)=a_402
(2,2,1,0)=a_282
(2,2,1,1)=a_286
(2,2,1,2)=a_402
(2,2,1,3)=a_402
(2,2,2,0)=a_286
(2,2,2,1)=a_402
(2,2,2,2)=a_402
(2,2,2,3)=a_406
(2,2,3,0)=a_402
(2,2,3,1)=a_406
(2,2,3,2)=a_406
(2,2,3,3)=a_554
(2,2,5,0)=a_405
(2,2,5,1)=a_413
(2,2,5,2)=a_413
(2,2,5,3)=a_557
(2,2,6,0)=a_413
(2,2,6,1)=a_413
(2,2,6,2)=a_557
(2,3,0,1)=a_366
(2,3,0,2)=a_370
(2,3,0,3)=a_402
(2,3,1,0)=a_366
(2,3,1,1)=a_370
(2,3,1,2)=a_402
(2,3,1,3)=a_518
(2,3,2,0)=a_370
(2,3,2,1)=a_402
(2,3,2,2)=a_518
(2,3,2,3)=a_522
(2,3,3,0)=a_402
(2,3,3,1)=a_518
(2,3,3,2)=a_522
(2,3,3,3)=a_522
(2,3,5,0)=a_522
(2,3,5,1)=a_525
(2,3,5,2)=a_525
(2,3,5,3)=a_669
(2,3,6,0)=a_525
(2,3,6,1)=a_525
(2,3,6,2)=a_669
(3,0,0,1)=a_282
(3,0,0,2)=a_286
(3,0,0,3)=a_290
(3,0,1,0)=a_282
(3,0,1,1)=a_286
(3,0,1,2)=a_290
(3,0,1,3)=a_290
(3,0,2,0)=a_286
(3,0,2,1)=a_290
(3,0,2,2)=a_290
(3,0,2,3)=a_293
(3,0,3,0)=a_290
(3,0,3,1)=a_289
(3,0,3,2)=a_293
(3,0,3,3)=a_302
(3,0,4,0)=a_289
(3,0,4,1)=a_288
(3,0,4,2)=a_302
(3,0,4,3)=a_301
(3,0,5,0)=a_288
(3,0,5,1)=a_301
(3,0,5,2)=a_301
(3,0,5,3)=a_305
(3,0,6,0)=a_301
(3,0,6,1)=a_305
(3,0,6,2)=a_305
(3,1,0,1)=a_366
(3,1,0,2)=a_370
(3,1,0,3)=a_402
(3,1,1,0)=a_366
(3,1,1,1)=a_370
(3,1,1,2)=a_402
(3,1,1,3)=a_402
(3,1,2,0)=a_370
(3,1,2,1)=a_402
(3,1,2,2)=a_402
(3,1,2,3)=a_406
(3,1,3,0)=a_402
(3,1,3,1)=a_406
(3,1,3,2)=a_406
(3,1,3,3)=a_414
(3,1,4,0)=a_406
(3,1,4,1)=a_405
(3,1,4,2)=a_414
(3,1,4,3)=a_413
(3,1,5,0)=a_405
(3,1,5,1)=a_413
(3,1,5,2)=a_413
(3,1,5,3)=a_417
(3,1,6,0)=a_413
(3,1,6,1)=a_413
(3,1,6,2)=a_417
(3,2,0,1)=a_366
(3,2,0,2)=a_370
(3,2,0,3)=a_402
(3,2,1,0)=a_366
(3,2,1,1)=a_370
(3,2,1,2)=a_402
(3,2,1,3)=a_518
(3,2,2,0)=a_370
(3,2,2,1)=a_402
(3,2,2,2)=a_518
(3,2,2,3)=a_522
(3,2,3,0)=a_402
(3,2,3,1)=a_518
(3,2,3,2)=a_522
(3,2,3,3)=a_522
(3,2,4,0)=a_518
(3,2,4,1)=a_522
(3,2,4,2)=a_522
(3,2,4,3)=a_525
(3,2,5,0)=a_522
(3,2,5,1)=a_525
(3,2,5,2)=a_525
(3,2,5,3)=a_669
(3,2,6,0)=a_525
(3,2,6,1)=a_525
(3,2,6,2)=a_669
(3,3,0,1)=a_478
(3,3,0,2)=a_515
(3,3,0,3)=a_486
(3,3,1,0)=a_478
(3,3,1,1)=a_482
(3,3,1,2)=a_486
(3,3,1,3)=a_518
(3,3,2,0)=a_482
(3,3,2,1)=a_486
(3,3,2,2)=a_518
(3,3,2,3)=a_522
(3,3,3,0)=a_486
(3,3,3,1)=a_518
(3,3,3,2)=a_522
(3,3,3,3)=a_638
(3,3,4,0)=a_518
(3,3,4,1)=a_522
(3,3,4,2)=a_638
(3,3,4,3)=a_782
(3,3,5,0)=a_522
(3,3,5,1)=a_638
(3,3,5,2)=a_782
(3,3,5,3)=a_781
(3,3,6,0)=a_638
(3,3,6,1)=a_781
(3,3,6,2)=a_781
(4,0,0,1)=a_366
(4,0,0,2)=a_370
(4,0,0,3)=a_402
(4,0,1,0)=a_366
(4,0,1,1)=a_370
(4,0,1,2)=a_402
(4,0,1,3)=a_402
(4,0,2,0)=a_370
(4,0,2,1)=a_402
(4,0,2,2)=a_402
(4,0,2,3)=a_406
(4,0,3,0)=a_402
(4,0,3,1)=a_406
(4,0,3,2)=a_406
(4,0,3,3)=a_414
(4,0,4,0)=a_406
(4,0,4,1)=a_405
(4,0,4,2)=a_414
(4,0,4,3)=a_413
(4,0,5,0)=a_405
(4,0,5,1)=a_413
(4,0,5,2)=a_413
(4,0,5,3)=a_417
(4,0,6,0)=a_413
(4,0,6,1)=a_413
(4,0,6,2)=a_417
(4,1,0,1)=a_366
(4,1,0,2)=a_370
(4,1,0,3)=a_374
(4,1,1,0)=a_366
(4,1,1,1)=a_370
(4,1,1,2)=a_374
(4,1,1,3)=a_518
(4,1,2,0)=a_370
(4,1,2,1)=a_374
(4,1,2,2)=a_518
(4,1,2,3)=a_522
(4,1,3,0)=a_374
(4,1,3,1)=a_518
(4,1,3,2)=a_522
(4,1,3,3)=a_522
(4,1,4,0)=a_518
(4,1,4,1)=a_522
(4,1,4,2)=a_522
(4,1,4,3)=a_525
(4,1,5,0)=a_522
(4,1,5,1)=a_525
(4,1,5,2)=a_525
(4,1,5,3)=a_529
(4,1,6,0)=a_525
(4,1,6,1)=a_525
(4,1,6,2)=a_529
(4,2,0,1)=a_478
(4,2,0,2)=a_515
(4,2,0,3)=a_486
(4,2,1,0)=a_478
(4,2,1,1)=a_482
(4,2,1,2)=a_486
(4,2,1,3)=a_518
(4,2,2,0)=a_482
(4,2,2,1)=a_486
(4,2,2,2)=a_518
(4,2,2,3)=a_522
(4,2,3,0)=a_486
(4,2,3,1)=a_518
(4,2,3,2)=a_522
(4,2,3,3)=a_638
(4,2,4,0)=a_518
(4,2,4,1)=a_522
(4,2,4,2)=a_638
(4,2,4,3)=a_782
(4,2,5,0)=a_522
(4,2,5,1)=a_638
(4,2,5,2)=a_782
(4,2,5,3)=a_781
(4,2,6,0)=a_638
(4,2,6,1)=a_781
(4,2,6,2)=a_781
(4,3,0,1)=a_590
(4,3,0,2)=a_599
(4,3,0,3)=a_603
(4,3,1,0)=a_590
(4,3,1,1)=a_594
(4,3,1,2)=a_603
(4,3,1,3)=a_602
(4,3,2,0)=a_594
(4,3,2,1)=a_598
(4,3,2,2)=a_602
(4,3,2,3)=a_606
(4,3,3,0)=a_598
(4,3,3,1)=a_602
(4,3,3,2)=a_606
(4,3,3,3)=a_638
(4,3,4,0)=a_602
(4,3,4,1)=a_606
(4,3,4,2)=a_638
(4,3,4,3)=a_754
(4,3,5,0)=a_606
(4,3,5,1)=a_638
(4,3,5,2)=a_754
(4,3,5,3)=a_753
(4,3,6,0)=a_638
(4,3,6,1)=a_753
(4,3,6,2)=a_753
(5,0,2,0)=a_370
(5,0,2,1)=a_374
(5,0,2,2)=a_518
(5,0,2,3)=a_522
(5,0,3,0)=a_374
(5,0,3,1)=a_518
(5,0,3,2)=a_522
(5,0,3,3)=a_522
(5,0,4,0)=a_518
(5,0,4,1)=a_522
(5,0,4,2)=a_522
(5,0,4,3)=a_525
(5,0,5,0)=a_522
(5,0,5,1)=a_525
(5,0,5,2)=a_525
(5,0,5,3)=a_529
(5,0,6,0)=a_525
(5,0,6,1)=a_525
(5,0,6,2)=a_529
(5,1,2,0)=a_342
(5,1,2,1)=a_486
(5,1,2,2)=a_602
(5,1,2,3)=a_606
(5,1,3,0)=a_486
(5,1,3,1)=a_602
(5,1,3,2)=a_606
(5,1,3,3)=a_638
(5,1,4,0)=a_602
(5,1,4,1)=a_606
(5,1,4,2)=a_638
(5,1,4,3)=a_638
(5,1,5,0)=a_606
(5,1,5,1)=a_638
(5,1,5,2)=a_638
(5,1,5,3)=a_641
(5,1,6,0)=a_638
(5,1,6,1)=a_641
(5,1,6,2)=a_641
(5,2,2,0)=a_594
(5,2,2,1)=a_598
(5,2,2,2)=a_602
(5,2,2,3)=a_606
(5,2,3,0)=a_598
(5,2,3,1)=a_602
(5,2,3,2)=a_606
(5,2,3,3)=a_638
(5,2,4,0)=a_602
(5,2,4,1)=a_606
(5,2,4,2)=a_638
(5,2,4,3)=a_754
(5,2,5,0)=a_606
(5,2,5,1)=a_638
(5,2,5,2)=a_754
(5,2,5,3)=a_753
(5,2,6,0)=a_638
(5,2,6,1)=a_753
(5,2,6,2)=a_753
(5,3,2,0)=a_706
(5,3,2,1)=a_710
(5,3,2,2)=a_719
(5,3,2,3)=a_718
(5,3,3,0)=a_710
(5,3,3,1)=a_714
(5,3,3,2)=a_718
(5,3,3,3)=a_722
(5,3,4,0)=a_714
(5,3,4,1)=a_718
(5,3,4,2)=a_722
(5,3,4,3)=a_726
(5,3,5,0)=a_718
(5,3,5,1)=a_722
(5,3,5,2)=a_726
(5,3,5,3)=a_725
(5,3,6,0)=a_722
(5,3,6,1)=a_725
(5,3,6,2)=a_725
(6,0,2,0)=a_342
(6,0,2,1)=a_486
(6,0,2,2)=a_602
(6,0,2,3)=a_606
(6,0,3,0)=a_486
(6,0,3,1)=a_602
(6,0,3,2)=a_606
(6,0,3,3)=a_638
(6,0,4,0)=a_602
(6,0,4,1)=a_606
(6,0,4,2)=a_638
(6,0,4,3)=a_638
(6,0,5,0)=a_606
(6,0,5,1)=a_638
(6,0,5,2)=a_638
(6,0,5,3)=a_641
(6,1,2,0)=a_454
(6,1,2,1)=a_598
(6,1,2,2)=a_602
(6,1,2,3)=a_606
(6,1,3,0)=a_598
(6,1,3,1)=a_602
(6,1,3,2)=a_606
(6,1,3,3)=a_722
(6,1,4,0)=a_602
(6,1,4,1)=a_606
(6,1,4,2)=a_722
(6,1,4,3)=a_726
(6,1,5,0)=a_606
(6,1,5,1)=a_722
(6,1,5,2)=a_726
(6,1,5,3)=a_725
(6,2,2,0)=a_706
(6,2,2,1)=a_710
(6,2,2,2)=a_719
(6,2,2,3)=a_718
(6,2,3,0)=a_710
(6,2,3,1)=a_714
(6,2,3,2)=a_718
(6,2,3,3)=a_722
(6,2,4,0)=a_714
(6,2,4,1)=a_718
(6,2,4,2)=a_722
(6,2,4,3)=a_726
(6,2,5,0)=a_718
(6,2,5,1)=a_722
(6,2,5,2)=a_726
(6,2,5,3)=a_725
