(-3,-3,-3,-3),0=
(-3,-3,-3,-3),1=
(-3,-3,-3,-3),2=
(-3,-3,-3,-3),3=
(-2,-2,-2,-2),0=
(-2,-2,-2,-2),1=
(-2,-2,-2,-2),2=
(-2,-2,-2,-2),3=
(0,0,0,0),0=
(0,0,0,0),1=
(0,0,0,0),2=
(0,0,0,0),3=
(0,0,0,1),0=
(0,0,0,1),1=
(0,0,0,1),2=
(0,0,0,1),3=
(0,0,0,2),0=
(0,0,0,2),1=
(0,0,0,2),2=
(0,0,0,2),3=
(0,0,0,3),0=
(0,0,0,3),1=
(0,0,0,3),2=
(0,0,0,3),3=
(0,0,1,0),0=
(0,0,1,0),1=
(0,0,1,0),2=
(0,0,1,0),3=
(0,0,1,1),0=
(0,0,1,1),1=
(0,0,1,1),2=
(0,0,1,1),3=
(0,0,1,2),0=
(0,0,1,2),1=
(0,0,1,2),2=
(0,0,1,2),3=
(0,0,1,3),0=
(0,0,1,3),1=
(0,0,1,3),2=
(0,0,1,3),3=
(0,0,2,0),0=
(0,0,2,0),1=
(0,0,2,0),2=
(0,0,2,0),3=
(0,0,2,1),0=
(0,0,2,1),1=
(0,0,2,1),2=
(0,0,2,1),3=
(0,0,2,2),0=
(0,0,2,2),1=
(0,0,2,2),2=
(0,0,2,2),3=
(0,0,2,3),0=
(0,0,2,3),1=
(0,0,2,3),2=
(0,0,2,3),3=
(0,0,3,0),0=
(0,0,3,0),1=
(0,0,3,0),2=
(0,0,3,0),3=
(0,0,3,1),0=
(0,0,3,1),1=
(0,0,3,1),2=
(0,0,3,1),3=
(0,0,3,2),0=
(0,0,3,2),1=
(0,0,3,2),2=
(0,0,3,2),3=
(0,0,3,3),0=
(0,0,3,3),1=
(0,0,3,3),2=
(0,0,3,3),3=
(0,0,4,0),0=
(0,0,4,0),1=
(0,0,4,0),2=
(0,0,4,0),3=
(0,0,4,1),0=
(0,0,4,1),1=
(0,0,4,1),2=
(0,0,4,1),3=
(0,0,4,2),0=
(0,0,4,2),1=
(0,0,4,2),2=
(0,0,4,2),3=
(0,0,4,3),0=
(0,0,4,3),1=
(0,0,4,3),2=
(0,0,4,3),3=
(0,0,5,0),0=
(0,0,5,0),1=
(0,0,5,0),2=
(0,0,5,0),3=
(0,0,5,1),0=
(0,0,5,1),1=
(0,0,5,1),2=
(0,0,5,1),3=
(0,0,5,2),0=
(0,0,5,2),1=
(0,0,5,2),2=
(0,0,5,2),3=
(0,0,5,3),0=
(0,0,5,3),1=
(0,0,5,3),2=
(0,0,5,3),3=
(0,0,6,0),0=
(0,0,6,0),1=
(0,0,6,0),2=
(0,0,6,0),3=
(0,0,6,1),0=
(0,0,6,1),1=
(0,0,6,1),2=
(0,0,6,1),3=
(0,0,6,2),0=
(0,0,6,2),1=
(0,0,6,2),2=
(0,0,6,2),3=
(0,0,6,3),0=
(0,0,6,3),1=
(0,0,6,3),2=
(0,0,6,3),3=
(0,1,0,0),0=
(0,1,0,0),1=
(0,1,0,0),2=
(0,1,0,0),3=
(0,1,0,1),0=a_58
(0,1,0,1),1=a_58
(0,1,0,1),2=a_57
(0,1,0,1),3=a_57
(0,1,0,2),0=a_62
(0,1,0,2),1=a_67
(0,1,0,2),2=a_34
(0,1,0,2),3=a_34
(0,1,0,3),0=a_62
(0,1,0,3),1=a_67
(0,1,0,3),2=a_33
(0,1,0,3),3=a_33
(0,1,1,0),0=a_58
(0,1,1,0),1=a_58
(0,1,1,0),2=a_57
(0,1,1,0),3=a_57
(0,1,1,1),0=a_62
(0,1,1,1),1=a_62
(0,1,1,1),2=a_33
(0,1,1,1),3=a_33
(0,1,1,2),0=a_62
(0,1,1,2),1=a_67
(0,1,1,2),2=a_33
(0,1,1,2),3=a_33
(0,1,1,3),0=a_66
(0,1,1,3),1=a_71
(0,1,1,3),2=a_65
(0,1,1,3),3=a_65
(0,1,2,0),0=a_62
(0,1,2,0),1=a_62
(0,1,2,0),2=a_33
(0,1,2,0),3=a_33
(0,1,2,1),0=a_66
(0,1,2,1),1=a_66
(0,1,2,1),2=a_32
(0,1,2,1),3=a_32
(0,1,2,2),0=a_66
(0,1,2,2),1=a_71
(0,1,2,2),2=a_65
(0,1,2,2),3=a_65
(0,1,2,3),0=a_79
(0,1,2,3),1=a_70
(0,1,2,3),2=a_69
(0,1,2,3),3=a_69
(0,1,3,0),0=a_66
(0,1,3,0),1=a_66
(0,1,3,0),2=a_32
(0,1,3,0),3=a_32
(0,1,3,1),0=a_65
(0,1,3,1),1=a_70
(0,1,3,1),2=a_32
(0,1,3,1),3=a_32
(0,1,3,2),0=a_79
(0,1,3,2),1=a_70
(0,1,3,2),2=a_69
(0,1,3,2),3=a_69
(0,1,3,3),0=a_79
(0,1,3,3),1=a_78
(0,1,3,3),2=a_73
(0,1,3,3),3=a_73
(0,1,4,0),0=
(0,1,4,0),1=
(0,1,4,0),2=
(0,1,4,0),3=
(0,1,4,1),0=
(0,1,4,1),1=
(0,1,4,1),2=
(0,1,4,1),3=
(0,1,4,2),0=
(0,1,4,2),1=
(0,1,4,2),2=
(0,1,4,2),3=
(0,1,4,3),0=
(0,1,4,3),1=
(0,1,4,3),2=
(0,1,4,3),3=
(0,1,5,0),0=a_68
(0,1,5,0),1=a_69
(0,1,5,0),2=a_64
(0,1,5,0),3=a_64
(0,1,5,1),0=a_78
(0,1,5,1),1=a_78
(0,1,5,1),2=a_68
(0,1,5,1),3=a_68
(0,1,5,2),0=a_82
(0,1,5,2),1=a_78
(0,1,5,2),2=a_77
(0,1,5,2),3=a_77
(0,1,5,3),0=a_81
(0,1,5,3),1=a_81
(0,1,5,3),2=a_81
(0,1,5,3),3=a_81
(0,1,6,0),0=a_78
(0,1,6,0),1=a_78
(0,1,6,0),2=a_68
(0,1,6,0),3=a_68
(0,1,6,1),0=a_81
(0,1,6,1),1=a_81
(0,1,6,1),2=a_72
(0,1,6,1),3=a_72
(0,1,6,2),0=a_81
(0,1,6,2),1=a_81
(0,1,6,2),2=a_81
(0,1,6,2),3=a_81
(0,1,6,3),0=
(0,1,6,3),1=
(0,1,6,3),2=
(0,1,6,3),3=
(0,2,0,0),0=
(0,2,0,0),1=
(0,2,0,0),2=
(0,2,0,0),3=
(0,2,0,1),0=a_198
(0,2,0,1),1=a_310
(0,2,0,1),2=a_197
(0,2,0,1),3=a_197
(0,2,0,2),0=a_319
(0,2,0,2),1=a_319
(0,2,0,2),2=a_319
(0,2,0,2),3=a_29
(0,2,0,3),0=a_319
(0,2,0,3),1=a_319
(0,2,0,3),2=a_323
(0,2,0,3),3=a_33
(0,2,1,0),0=a_198
(0,2,1,0),1=a_310
(0,2,1,0),2=a_197
(0,2,1,0),3=a_197
(0,2,1,1),0=a_314
(0,2,1,1),1=a_314
(0,2,1,1),2=a_314
(0,2,1,1),3=a_28
(0,2,1,2),0=a_319
(0,2,1,2),1=a_319
(0,2,1,2),2=a_323
(0,2,1,2),3=a_33
(0,2,1,3),0=a_318
(0,2,1,3),1=a_318
(0,2,1,3),2=a_323
(0,2,1,3),3=a_37
(0,2,2,0),0=a_314
(0,2,2,0),1=a_314
(0,2,2,0),2=a_314
(0,2,2,0),3=a_28
(0,2,2,1),0=a_318
(0,2,2,1),1=a_318
(0,2,2,1),2=a_318
(0,2,2,1),3=a_28
(0,2,2,2),0=a_318
(0,2,2,2),1=a_318
(0,2,2,2),2=a_323
(0,2,2,2),3=a_37
(0,2,2,3),0=a_322
(0,2,2,3),1=a_322
(0,2,2,3),2=a_331
(0,2,2,3),3=a_41
(0,2,3,0),0=a_318
(0,2,3,0),1=a_318
(0,2,3,0),2=a_318
(0,2,3,0),3=a_28
(0,2,3,1),0=a_322
(0,2,3,1),1=a_322
(0,2,3,1),2=a_322
(0,2,3,1),3=a_32
(0,2,3,2),0=a_322
(0,2,3,2),1=a_322
(0,2,3,2),2=a_331
(0,2,3,2),3=a_41
(0,2,3,3),0=a_330
(0,2,3,3),1=a_330
(0,2,3,3),2=a_330
(0,2,3,3),3=a_45
(0,2,4,0),0=
(0,2,4,0),1=
(0,2,4,0),2=
(0,2,4,0),3=
(0,2,4,1),0=
(0,2,4,1),1=
(0,2,4,1),2=
(0,2,4,1),3=
(0,2,4,2),0=
(0,2,4,2),1=
(0,2,4,2),2=
(0,2,4,2),3=
(0,2,4,3),0=
(0,2,4,3),1=
(0,2,4,3),2=
(0,2,4,3),3=
(0,2,5,0),0=a_321
(0,2,5,0),1=a_321
(0,2,5,0),2=a_326
(0,2,5,0),3=a_36
(0,2,5,1),0=a_329
(0,2,5,1),1=a_329
(0,2,5,1),2=a_330
(0,2,5,1),3=a_40
(0,2,5,2),0=a_329
(0,2,5,2),1=a_329
(0,2,5,2),2=a_330
(0,2,5,2),3=a_49
(0,2,5,3),0=a_333
(0,2,5,3),1=a_333
(0,2,5,3),2=a_334
(0,2,5,3),3=a_193
(0,2,6,0),0=a_329
(0,2,6,0),1=a_329
(0,2,6,0),2=a_330
(0,2,6,0),3=a_40
(0,2,6,1),0=a_333
(0,2,6,1),1=a_333
(0,2,6,1),2=a_334
(0,2,6,1),3=a_44
(0,2,6,2),0=a_333
(0,2,6,2),1=a_333
(0,2,6,2),2=a_334
(0,2,6,2),3=a_193
(0,2,6,3),0=
(0,2,6,3),1=
(0,2,6,3),2=
(0,2,6,3),3=
(0,3,0,0),0=
(0,3,0,0),1=
(0,3,0,0),2=
(0,3,0,0),3=
(0,3,0,1),0=a_282
(0,3,0,1),1=a_422
(0,3,0,1),2=a_421
(0,3,0,1),3=a_421
(0,3,0,2),0=a_431
(0,3,0,2),1=a_319
(0,3,0,2),2=a_431
(0,3,0,2),3=a_141
(0,3,0,3),0=a_435
(0,3,0,3),1=a_435
(0,3,0,3),2=a_435
(0,3,0,3),3=a_145
(0,3,1,0),0=a_282
(0,3,1,0),1=a_422
(0,3,1,0),2=a_421
(0,3,1,0),3=a_421
(0,3,1,1),0=a_286
(0,3,1,1),1=a_314
(0,3,1,1),2=a_426
(0,3,1,1),3=a_140
(0,3,1,2),0=a_435
(0,3,1,2),1=a_435
(0,3,1,2),2=a_435
(0,3,1,2),3=a_145
(0,3,1,3),0=a_435
(0,3,1,3),1=a_435
(0,3,1,3),2=a_439
(0,3,1,3),3=a_149
(0,3,2,0),0=a_286
(0,3,2,0),1=a_314
(0,3,2,0),2=a_426
(0,3,2,0),3=a_140
(0,3,2,1),0=a_290
(0,3,2,1),1=a_318
(0,3,2,1),2=a_430
(0,3,2,1),3=a_140
(0,3,2,2),0=a_435
(0,3,2,2),1=a_435
(0,3,2,2),2=a_439
(0,3,2,2),3=a_149
(0,3,2,3),0=a_439
(0,3,2,3),1=a_439
(0,3,2,3),2=a_439
(0,3,2,3),3=a_153
(0,3,3,0),0=a_290
(0,3,3,0),1=a_318
(0,3,3,0),2=a_430
(0,3,3,0),3=a_140
(0,3,3,1),0=a_434
(0,3,3,1),1=a_434
(0,3,3,1),2=a_434
(0,3,3,1),3=a_144
(0,3,3,2),0=a_439
(0,3,3,2),1=a_439
(0,3,3,2),2=a_439
(0,3,3,2),3=a_153
(0,3,3,3),0=a_442
(0,3,3,3),1=a_442
(0,3,3,3),2=a_442
(0,3,3,3),3=a_157
(0,3,4,0),0=
(0,3,4,0),1=
(0,3,4,0),2=
(0,3,4,0),3=
(0,3,4,1),0=
(0,3,4,1),1=
(0,3,4,1),2=
(0,3,4,1),3=
(0,3,4,2),0=
(0,3,4,2),1=
(0,3,4,2),2=
(0,3,4,2),3=
(0,3,4,3),0=
(0,3,4,3),1=
(0,3,4,3),2=
(0,3,4,3),3=
(0,3,5,0),0=a_438
(0,3,5,0),1=a_438
(0,3,5,0),2=a_438
(0,3,5,0),3=a_148
(0,3,5,1),0=a_442
(0,3,5,1),1=a_442
(0,3,5,1),2=a_442
(0,3,5,1),3=a_152
(0,3,5,2),0=a_442
(0,3,5,2),1=a_442
(0,3,5,2),2=a_442
(0,3,5,2),3=a_161
(0,3,5,3),0=a_445
(0,3,5,3),1=a_445
(0,3,5,3),2=a_446
(0,3,5,3),3=a_193
(0,3,6,0),0=a_442
(0,3,6,0),1=a_442
(0,3,6,0),2=a_442
(0,3,6,0),3=a_152
(0,3,6,1),0=a_445
(0,3,6,1),1=a_445
(0,3,6,1),2=a_446
(0,3,6,1),3=a_156
(0,3,6,2),0=a_445
(0,3,6,2),1=a_445
(0,3,6,2),2=a_446
(0,3,6,2),3=a_193
(0,3,6,3),0=
(0,3,6,3),1=
(0,3,6,3),2=
(0,3,6,3),3=
(1,0,0,0),0=
(1,0,0,0),1=
(1,0,0,0),2=
(1,0,0,0),3=
(1,0,0,1),0=a_58
(1,0,0,1),1=a_58
(1,0,0,1),2=a_57
(1,0,0,1),3=a_57
(1,0,0,2),0=a_62
(1,0,0,2),1=a_67
(1,0,0,2),2=a_34
(1,0,0,2),3=a_34
(1,0,0,3),0=a_62
(1,0,0,3),1=a_67
(1,0,0,3),2=a_33
(1,0,0,3),3=a_33
(1,0,1,0),0=a_58
(1,0,1,0),1=a_58
(1,0,1,0),2=a_57
(1,0,1,0),3=a_57
(1,0,1,1),0=a_62
(1,0,1,1),1=a_62
(1,0,1,1),2=a_33
(1,0,1,1),3=a_33
(1,0,1,2),0=a_62
(1,0,1,2),1=a_67
(1,0,1,2),2=a_33
(1,0,1,2),3=a_33
(1,0,1,3),0=a_66
(1,0,1,3),1=a_71
(1,0,1,3),2=a_65
(1,0,1,3),3=a_65
(1,0,2,0),0=a_62
(1,0,2,0),1=a_62
(1,0,2,0),2=a_33
(1,0,2,0),3=a_33
(1,0,2,1),0=a_66
(1,0,2,1),1=a_66
(1,0,2,1),2=a_32
(1,0,2,1),3=a_32
(1,0,2,2),0=a_66
(1,0,2,2),1=a_71
(1,0,2,2),2=a_65
(1,0,2,2),3=a_65
(1,0,2,3),0=a_79
(1,0,2,3),1=a_70
(1,0,2,3),2=a_69
(1,0,2,3),3=a_69
(1,0,3,0),0=a_66
(1,0,3,0),1=a_66
(1,0,3,0),2=a_32
(1,0,3,0),3=a_32
(1,0,3,1),0=a_65
(1,0,3,1),1=a_70
(1,0,3,1),2=a_32
(1,0,3,1),3=a_32
(1,0,3,2),0=a_79
(1,0,3,2),1=a_70
(1,0,3,2),2=a_69
(1,0,3,2),3=a_69
(1,0,3,3),0=a_79
(1,0,3,3),1=a_78
(1,0,3,3),2=a_73
(1,0,3,3),3=a_73
(1,0,4,0),0=
(1,0,4,0),1=
(1,0,4,0),2=
(1,0,4,0),3=
(1,0,4,1),0=
(1,0,4,1),1=
(1,0,4,1),2=
(1,0,4,1),3=
(1,0,4,2),0=
(1,0,4,2),1=
(1,0,4,2),2=
(1,0,4,2),3=
(1,0,4,3),0=
(1,0,4,3),1=
(1,0,4,3),2=
(1,0,4,3),3=
(1,0,5,0),0=a_68
(1,0,5,0),1=a_69
(1,0,5,0),2=a_64
(1,0,5,0),3=a_64
(1,0,5,1),0=a_78
(1,0,5,1),1=a_78
(1,0,5,1),2=a_68
(1,0,5,1),3=a_68
(1,0,5,2),0=a_82
(1,0,5,2),1=a_78
(1,0,5,2),2=a_77
(1,0,5,2),3=a_77
(1,0,5,3),0=a_81
(1,0,5,3),1=a_81
(1,0,5,3),2=a_81
(1,0,5,3),3=a_81
(1,0,6,0),0=a_78
(1,0,6,0),1=a_78
(1,0,6,0),2=a_68
(1,0,6,0),3=a_68
(1,0,6,1),0=a_81
(1,0,6,1),1=a_81
(1,0,6,1),2=a_72
(1,0,6,1),3=a_72
(1,0,6,2),0=a_81
(1,0,6,2),1=a_81
(1,0,6,2),2=a_81
(1,0,6,2),3=a_81
(1,0,6,3),0=
(1,0,6,3),1=
(1,0,6,3),2=
(1,0,6,3),3=
(1,1,0,0),0=
(1,1,0,0),1=
(1,1,0,0),2=
(1,1,0,0),3=
(1,1,0,1),0=a_170
(1,1,0,1),1=a_170
(1,1,0,1),2=a_1
(1,1,0,1),3=a_1
(1,1,0,2),0=a_174
(1,1,0,2),1=a_179
(1,1,0,2),2=a_179
(1,1,0,2),3=a_1
(1,1,0,3),0=a_178
(1,1,0,3),1=a_178
(1,1,0,3),2=a_183
(1,1,0,3),3=a_5
(1,1,1,0),0=a_170
(1,1,1,0),1=a_170
(1,1,1,0),2=a_1
(1,1,1,0),3=a_1
(1,1,1,1),0=a_174
(1,1,1,1),1=a_174
(1,1,1,1),2=a_174
(1,1,1,1),3=a_0
(1,1,1,2),0=a_178
(1,1,1,2),1=a_178
(1,1,1,2),2=a_183
(1,1,1,2),3=a_5
(1,1,1,3),0=a_178
(1,1,1,3),1=a_178
(1,1,1,3),2=a_183
(1,1,1,3),3=a_9
(1,1,2,0),0=a_174
(1,1,2,0),1=a_174
(1,1,2,0),2=a_174
(1,1,2,0),3=a_0
(1,1,2,1),0=a_178
(1,1,2,1),1=a_178
(1,1,2,1),2=a_178
(1,1,2,1),3=a_0
(1,1,2,2),0=a_178
(1,1,2,2),1=a_178
(1,1,2,2),2=a_183
(1,1,2,2),3=a_9
(1,1,2,3),0=a_191
(1,1,2,3),1=a_182
(1,1,2,3),2=a_191
(1,1,2,3),3=a_13
(1,1,3,0),0=a_178
(1,1,3,0),1=a_178
(1,1,3,0),2=a_178
(1,1,3,0),3=a_0
(1,1,3,1),0=a_182
(1,1,3,1),1=a_182
(1,1,3,1),2=a_182
(1,1,3,1),3=a_4
(1,1,3,2),0=a_191
(1,1,3,2),1=a_182
(1,1,3,2),2=a_191
(1,1,3,2),3=a_13
(1,1,3,3),0=a_190
(1,1,3,3),1=a_190
(1,1,3,3),2=a_190
(1,1,3,3),3=a_17
(1,1,4,0),0=
(1,1,4,0),1=
(1,1,4,0),2=
(1,1,4,0),3=
(1,1,4,1),0=
(1,1,4,1),1=
(1,1,4,1),2=
(1,1,4,1),3=
(1,1,4,2),0=
(1,1,4,2),1=
(1,1,4,2),2=
(1,1,4,2),3=
(1,1,4,3),0=
(1,1,4,3),1=
(1,1,4,3),2=
(1,1,4,3),3=
(1,1,5,0),0=a_181
(1,1,5,0),1=a_181
(1,1,5,0),2=a_186
(1,1,5,0),3=a_8
(1,1,5,1),0=a_189
(1,1,5,1),1=a_189
(1,1,5,1),2=a_190
(1,1,5,1),3=a_12
(1,1,5,2),0=a_194
(1,1,5,2),1=a_189
(1,1,5,2),2=a_194
(1,1,5,2),3=a_161
(1,1,5,3),0=a_193
(1,1,5,3),1=a_193
(1,1,5,3),2=a_194
(1,1,5,3),3=a_193
(1,1,6,0),0=a_189
(1,1,6,0),1=a_189
(1,1,6,0),2=a_190
(1,1,6,0),3=a_12
(1,1,6,1),0=a_193
(1,1,6,1),1=a_189
(1,1,6,1),2=a_194
(1,1,6,1),3=a_16
(1,1,6,2),0=a_193
(1,1,6,2),1=a_193
(1,1,6,2),2=a_194
(1,1,6,2),3=a_193
(1,1,6,3),0=
(1,1,6,3),1=
(1,1,6,3),2=
(1,1,6,3),3=
(1,2,0,0),0=
(1,2,0,0),1=
(1,2,0,0),2=
(1,2,0,0),3=
(1,2,0,1),0=a_282
(1,2,0,1),1=a_422
(1,2,0,1),2=a_421
(1,2,0,1),3=a_421
(1,2,0,2),0=a_431
(1,2,0,2),1=a_319
(1,2,0,2),2=a_431
(1,2,0,2),3=a_141
(1,2,0,3),0=a_435
(1,2,0,3),1=a_435
(1,2,0,3),2=a_435
(1,2,0,3),3=a_145
(1,2,1,0),0=a_282
(1,2,1,0),1=a_422
(1,2,1,0),2=a_421
(1,2,1,0),3=a_421
(1,2,1,1),0=a_286
(1,2,1,1),1=a_314
(1,2,1,1),2=a_426
(1,2,1,1),3=a_140
(1,2,1,2),0=a_435
(1,2,1,2),1=a_435
(1,2,1,2),2=a_435
(1,2,1,2),3=a_145
(1,2,1,3),0=a_435
(1,2,1,3),1=a_435
(1,2,1,3),2=a_439
(1,2,1,3),3=a_149
(1,2,2,0),0=a_286
(1,2,2,0),1=a_314
(1,2,2,0),2=a_426
(1,2,2,0),3=a_140
(1,2,2,1),0=a_290
(1,2,2,1),1=a_318
(1,2,2,1),2=a_430
(1,2,2,1),3=a_140
(1,2,2,2),0=a_435
(1,2,2,2),1=a_435
(1,2,2,2),2=a_439
(1,2,2,2),3=a_149
(1,2,2,3),0=a_439
(1,2,2,3),1=a_439
(1,2,2,3),2=a_439
(1,2,2,3),3=a_153
(1,2,3,0),0=a_290
(1,2,3,0),1=a_318
(1,2,3,0),2=a_430
(1,2,3,0),3=a_140
(1,2,3,1),0=a_434
(1,2,3,1),1=a_434
(1,2,3,1),2=a_434
(1,2,3,1),3=a_144
(1,2,3,2),0=a_439
(1,2,3,2),1=a_439
(1,2,3,2),2=a_439
(1,2,3,2),3=a_153
(1,2,3,3),0=a_442
(1,2,3,3),1=a_442
(1,2,3,3),2=a_442
(1,2,3,3),3=a_157
(1,2,4,0),0=
(1,2,4,0),1=
(1,2,4,0),2=
(1,2,4,0),3=
(1,2,4,1),0=
(1,2,4,1),1=
(1,2,4,1),2=
(1,2,4,1),3=
(1,2,4,2),0=
(1,2,4,2),1=
(1,2,4,2),2=
(1,2,4,2),3=
(1,2,4,3),0=
(1,2,4,3),1=
(1,2,4,3),2=
(1,2,4,3),3=
(1,2,5,0),0=a_438
(1,2,5,0),1=a_438
(1,2,5,0),2=a_438
(1,2,5,0),3=a_148
(1,2,5,1),0=a_442
(1,2,5,1),1=a_442
(1,2,5,1),2=a_442
(1,2,5,1),3=a_152
(1,2,5,2),0=a_442
(1,2,5,2),1=a_442
(1,2,5,2),2=a_442
(1,2,5,2),3=a_161
(1,2,5,3),0=a_445
(1,2,5,3),1=a_445
(1,2,5,3),2=a_446
(1,2,5,3),3=a_193
(1,2,6,0),0=a_442
(1,2,6,0),1=a_442
(1,2,6,0),2=a_442
(1,2,6,0),3=a_152
(1,2,6,1),0=a_445
(1,2,6,1),1=a_445
(1,2,6,1),2=a_446
(1,2,6,1),3=a_156
(1,2,6,2),0=a_445
(1,2,6,2),1=a_445
(1,2,6,2),2=a_446
(1,2,6,2),3=a_193
(1,2,6,3),0=
(1,2,6,3),1=
(1,2,6,3),2=
(1,2,6,3),3=
(1,3,0,0),0=
(1,3,0,0),1=
(1,3,0,0),2=
(1,3,0,0),3=
(1,3,0,1),0=a_282
(1,3,0,1),1=a_422
(1,3,0,1),2=a_421
(1,3,0,1),3=a_421
(1,3,0,2),0=a_431
(1,3,0,2),1=a_431
(1,3,0,2),2=a_543
(1,3,0,2),3=a_258
(1,3,0,3),0=a_547
(1,3,0,3),1=a_547
(1,3,0,3),2=a_547
(1,3,0,3),3=a_257
(1,3,1,0),0=a_282
(1,3,1,0),1=a_422
(1,3,1,0),2=a_421
(1,3,1,0),3=a_421
(1,3,1,1),0=a_398
(1,3,1,1),1=a_398
(1,3,1,1),2=a_538
(1,3,1,1),3=a_257
(1,3,1,2),0=a_547
(1,3,1,2),1=a_547
(1,3,1,2),2=a_547
(1,3,1,2),3=a_257
(1,3,1,3),0=a_551
(1,3,1,3),1=a_551
(1,3,1,3),2=a_551
(1,3,1,3),3=a_261
(1,3,2,0),0=a_398
(1,3,2,0),1=a_398
(1,3,2,0),2=a_538
(1,3,2,0),3=a_257
(1,3,2,1),0=a_402
(1,3,2,1),1=a_430
(1,3,2,1),2=a_542
(1,3,2,1),3=a_256
(1,3,2,2),0=a_551
(1,3,2,2),1=a_551
(1,3,2,2),2=a_551
(1,3,2,2),3=a_261
(1,3,2,3),0=a_551
(1,3,2,3),1=a_551
(1,3,2,3),2=a_551
(1,3,2,3),3=a_265
(1,3,3,0),0=a_402
(1,3,3,0),1=a_430
(1,3,3,0),2=a_542
(1,3,3,0),3=a_256
(1,3,3,1),0=a_546
(1,3,3,1),1=a_546
(1,3,3,1),2=a_546
(1,3,3,1),3=a_256
(1,3,3,2),0=a_551
(1,3,3,2),1=a_551
(1,3,3,2),2=a_551
(1,3,3,2),3=a_265
(1,3,3,3),0=a_554
(1,3,3,3),1=a_554
(1,3,3,3),2=a_555
(1,3,3,3),3=a_269
(1,3,4,0),0=
(1,3,4,0),1=
(1,3,4,0),2=
(1,3,4,0),3=
(1,3,4,1),0=
(1,3,4,1),1=
(1,3,4,1),2=
(1,3,4,1),3=
(1,3,4,2),0=
(1,3,4,2),1=
(1,3,4,2),2=
(1,3,4,2),3=
(1,3,4,3),0=
(1,3,4,3),1=
(1,3,4,3),2=
(1,3,4,3),3=
(1,3,5,0),0=a_550
(1,3,5,0),1=a_550
(1,3,5,0),2=a_550
(1,3,5,0),3=a_260
(1,3,5,1),0=a_554
(1,3,5,1),1=a_554
(1,3,5,1),2=a_554
(1,3,5,1),3=a_264
(1,3,5,2),0=a_554
(1,3,5,2),1=a_554
(1,3,5,2),2=a_554
(1,3,5,2),3=a_273
(1,3,5,3),0=a_557
(1,3,5,3),1=a_557
(1,3,5,3),2=a_558
(1,3,5,3),3=a_417
(1,3,6,0),0=a_554
(1,3,6,0),1=a_554
(1,3,6,0),2=a_554
(1,3,6,0),3=a_264
(1,3,6,1),0=a_557
(1,3,6,1),1=a_557
(1,3,6,1),2=a_558
(1,3,6,1),3=a_268
(1,3,6,2),0=a_557
(1,3,6,2),1=a_557
(1,3,6,2),2=a_558
(1,3,6,2),3=a_417
(1,3,6,3),0=
(1,3,6,3),1=
(1,3,6,3),2=
(1,3,6,3),3=
(2,0,0,0),0=
(2,0,0,0),1=
(2,0,0,0),2=
(2,0,0,0),3=
(2,0,0,1),0=a_170
(2,0,0,1),1=a_170
(2,0,0,1),2=a_1
(2,0,0,1),3=a_1
(2,0,0,2),0=a_174
(2,0,0,2),1=a_179
(2,0,0,2),2=a_179
(2,0,0,2),3=a_1
(2,0,0,3),0=a_178
(2,0,0,3),1=a_178
(2,0,0,3),2=a_183
(2,0,0,3),3=a_5
(2,0,1,0),0=a_170
(2,0,1,0),1=a_170
(2,0,1,0),2=a_1
(2,0,1,0),3=a_1
(2,0,1,1),0=a_174
(2,0,1,1),1=a_174
(2,0,1,1),2=a_174
(2,0,1,1),3=a_0
(2,0,1,2),0=a_178
(2,0,1,2),1=a_178
(2,0,1,2),2=a_183
(2,0,1,2),3=a_5
(2,0,1,3),0=a_178
(2,0,1,3),1=a_178
(2,0,1,3),2=a_183
(2,0,1,3),3=a_9
(2,0,2,0),0=a_174
(2,0,2,0),1=a_174
(2,0,2,0),2=a_174
(2,0,2,0),3=a_0
(2,0,2,1),0=a_178
(2,0,2,1),1=a_178
(2,0,2,1),2=a_178
(2,0,2,1),3=a_0
(2,0,2,2),0=a_178
(2,0,2,2),1=a_178
(2,0,2,2),2=a_183
(2,0,2,2),3=a_9
(2,0,2,3),0=a_191
(2,0,2,3),1=a_182
(2,0,2,3),2=a_191
(2,0,2,3),3=a_13
(2,0,3,0),0=a_178
(2,0,3,0),1=a_178
(2,0,3,0),2=a_178
(2,0,3,0),3=a_0
(2,0,3,1),0=a_182
(2,0,3,1),1=a_182
(2,0,3,1),2=a_182
(2,0,3,1),3=a_4
(2,0,3,2),0=a_191
(2,0,3,2),1=a_182
(2,0,3,2),2=a_191
(2,0,3,2),3=a_13
(2,0,3,3),0=a_190
(2,0,3,3),1=a_190
(2,0,3,3),2=a_190
(2,0,3,3),3=a_17
(2,0,4,0),0=
(2,0,4,0),1=
(2,0,4,0),2=
(2,0,4,0),3=
(2,0,4,1),0=
(2,0,4,1),1=
(2,0,4,1),2=
(2,0,4,1),3=
(2,0,4,2),0=
(2,0,4,2),1=
(2,0,4,2),2=
(2,0,4,2),3=
(2,0,4,3),0=
(2,0,4,3),1=
(2,0,4,3),2=
(2,0,4,3),3=
(2,0,5,0),0=a_181
(2,0,5,0),1=a_181
(2,0,5,0),2=a_186
(2,0,5,0),3=a_8
(2,0,5,1),0=a_189
(2,0,5,1),1=a_189
(2,0,5,1),2=a_190
(2,0,5,1),3=a_12
(2,0,5,2),0=a_194
(2,0,5,2),1=a_189
(2,0,5,2),2=a_194
(2,0,5,2),3=a_161
(2,0,5,3),0=a_193
(2,0,5,3),1=a_193
(2,0,5,3),2=a_194
(2,0,5,3),3=a_193
(2,0,6,0),0=a_189
(2,0,6,0),1=a_189
(2,0,6,0),2=a_190
(2,0,6,0),3=a_12
(2,0,6,1),0=a_193
(2,0,6,1),1=a_189
(2,0,6,1),2=a_194
(2,0,6,1),3=a_16
(2,0,6,2),0=a_193
(2,0,6,2),1=a_193
(2,0,6,2),2=a_194
(2,0,6,2),3=a_193
(2,0,6,3),0=
(2,0,6,3),1=
(2,0,6,3),2=
(2,0,6,3),3=
(2,1,0,0),0=
(2,1,0,0),1=
(2,1,0,0),2=
(2,1,0,0),3=
(2,1,0,1),0=a_282
(2,1,0,1),1=a_282
(2,1,0,1),2=a_1
(2,1,0,1),3=a_1
(2,1,0,2),0=a_291
(2,1,0,2),1=a_291
(2,1,0,2),2=a_291
(2,1,0,2),3=a_1
(2,1,0,3),0=a_290
(2,1,0,3),1=a_291
(2,1,0,3),2=a_295
(2,1,0,3),3=a_257
(2,1,1,0),0=a_282
(2,1,1,0),1=a_282
(2,1,1,0),2=a_1
(2,1,1,0),3=a_1
(2,1,1,1),0=a_286
(2,1,1,1),1=a_286
(2,1,1,1),2=a_286
(2,1,1,1),3=a_0
(2,1,1,2),0=a_290
(2,1,1,2),1=a_291
(2,1,1,2),2=a_295
(2,1,1,2),3=a_257
(2,1,1,3),0=a_290
(2,1,1,3),1=a_290
(2,1,1,3),2=a_295
(2,1,1,3),3=a_131
(2,1,2,0),0=a_286
(2,1,2,0),1=a_286
(2,1,2,0),2=a_286
(2,1,2,0),3=a_0
(2,1,2,1),0=a_290
(2,1,2,1),1=a_290
(2,1,2,1),2=a_290
(2,1,2,1),3=a_0
(2,1,2,2),0=a_290
(2,1,2,2),1=a_290
(2,1,2,2),2=a_295
(2,1,2,2),3=a_131
(2,1,2,3),0=a_294
(2,1,2,3),1=a_294
(2,1,2,3),2=a_303
(2,1,2,3),3=a_130
(2,1,3,0),0=a_290
(2,1,3,0),1=a_290
(2,1,3,0),2=a_290
(2,1,3,0),3=a_0
(2,1,3,1),0=a_294
(2,1,3,1),1=a_294
(2,1,3,1),2=a_294
(2,1,3,1),3=a_256
(2,1,3,2),0=a_294
(2,1,3,2),1=a_294
(2,1,3,2),2=a_303
(2,1,3,2),3=a_130
(2,1,3,3),0=a_302
(2,1,3,3),1=a_302
(2,1,3,3),2=a_302
(2,1,3,3),3=a_129
(2,1,4,0),0=
(2,1,4,0),1=
(2,1,4,0),2=
(2,1,4,0),3=
(2,1,4,1),0=
(2,1,4,1),1=
(2,1,4,1),2=
(2,1,4,1),3=
(2,1,4,2),0=
(2,1,4,2),1=
(2,1,4,2),2=
(2,1,4,2),3=
(2,1,4,3),0=
(2,1,4,3),1=
(2,1,4,3),2=
(2,1,4,3),3=
(2,1,5,0),0=a_293
(2,1,5,0),1=a_293
(2,1,5,0),2=a_298
(2,1,5,0),3=a_129
(2,1,5,1),0=a_301
(2,1,5,1),1=a_302
(2,1,5,1),2=a_302
(2,1,5,1),3=a_128
(2,1,5,2),0=a_301
(2,1,5,2),1=a_302
(2,1,5,2),2=a_302
(2,1,5,2),3=a_133
(2,1,5,3),0=a_305
(2,1,5,3),1=a_305
(2,1,5,3),2=a_306
(2,1,5,3),3=a_165
(2,1,6,0),0=a_301
(2,1,6,0),1=a_302
(2,1,6,0),2=a_302
(2,1,6,0),3=a_128
(2,1,6,1),0=a_305
(2,1,6,1),1=a_305
(2,1,6,1),2=a_306
(2,1,6,1),3=a_128
(2,1,6,2),0=a_305
(2,1,6,2),1=a_305
(2,1,6,2),2=a_306
(2,1,6,2),3=a_165
(2,1,6,3),0=
(2,1,6,3),1=
(2,1,6,3),2=
(2,1,6,3),3=
(2,2,0,0),0=
(2,2,0,0),1=
(2,2,0,0),2=
(2,2,0,0),3=
(2,2,0,1),0=a_282
(2,2,0,1),1=a_422
(2,2,0,1),2=a_421
(2,2,0,1),3=a_421
(2,2,0,2),0=a_431
(2,2,0,2),1=a_431
(2,2,0,2),2=a_543
(2,2,0,2),3=a_258
(2,2,0,3),0=a_547
(2,2,0,3),1=a_547
(2,2,0,3),2=a_547
(2,2,0,3),3=a_257
(2,2,1,0),0=a_282
(2,2,1,0),1=a_422
(2,2,1,0),2=a_421
(2,2,1,0),3=a_421
(2,2,1,1),0=a_398
(2,2,1,1),1=a_398
(2,2,1,1),2=a_538
(2,2,1,1),3=a_257
(2,2,1,2),0=a_547
(2,2,1,2),1=a_547
(2,2,1,2),2=a_547
(2,2,1,2),3=a_257
(2,2,1,3),0=a_551
(2,2,1,3),1=a_551
(2,2,1,3),2=a_551
(2,2,1,3),3=a_261
(2,2,2,0),0=a_398
(2,2,2,0),1=a_398
(2,2,2,0),2=a_538
(2,2,2,0),3=a_257
(2,2,2,1),0=a_402
(2,2,2,1),1=a_430
(2,2,2,1),2=a_542
(2,2,2,1),3=a_256
(2,2,2,2),0=a_551
(2,2,2,2),1=a_551
(2,2,2,2),2=a_551
(2,2,2,2),3=a_261
(2,2,2,3),0=a_551
(2,2,2,3),1=a_551
(2,2,2,3),2=a_551
(2,2,2,3),3=a_265
(2,2,3,0),0=a_402
(2,2,3,0),1=a_430
(2,2,3,0),2=a_542
(2,2,3,0),3=a_256
(2,2,3,1),0=a_546
(2,2,3,1),1=a_546
(2,2,3,1),2=a_546
(2,2,3,1),3=a_256
(2,2,3,2),0=a_551
(2,2,3,2),1=a_551
(2,2,3,2),2=a_551
(2,2,3,2),3=a_265
(2,2,3,3),0=a_554
(2,2,3,3),1=a_554
(2,2,3,3),2=a_555
(2,2,3,3),3=a_269
(2,2,4,0),0=
(2,2,4,0),1=
(2,2,4,0),2=
(2,2,4,0),3=
(2,2,4,1),0=
(2,2,4,1),1=
(2,2,4,1),2=
(2,2,4,1),3=
(2,2,4,2),0=
(2,2,4,2),1=
(2,2,4,2),2=
(2,2,4,2),3=
(2,2,4,3),0=
(2,2,4,3),1=
(2,2,4,3),2=
(2,2,4,3),3=
(2,2,5,0),0=a_550
(2,2,5,0),1=a_550
(2,2,5,0),2=a_550
(2,2,5,0),3=a_260
(2,2,5,1),0=a_554
(2,2,5,1),1=a_554
(2,2,5,1),2=a_554
(2,2,5,1),3=a_264
(2,2,5,2),0=a_554
(2,2,5,2),1=a_554
(2,2,5,2),2=a_554
(2,2,5,2),3=a_273
(2,2,5,3),0=a_557
(2,2,5,3),1=a_557
(2,2,5,3),2=a_558
(2,2,5,3),3=a_417
(2,2,6,0),0=a_554
(2,2,6,0),1=a_554
(2,2,6,0),2=a_554
(2,2,6,0),3=a_264
(2,2,6,1),0=a_557
(2,2,6,1),1=a_557
(2,2,6,1),2=a_558
(2,2,6,1),3=a_268
(2,2,6,2),0=a_557
(2,2,6,2),1=a_557
(2,2,6,2),2=a_558
(2,2,6,2),3=a_417
(2,2,6,3),0=
(2,2,6,3),1=
(2,2,6,3),2=
(2,2,6,3),3=
(2,3,0,0),0=
(2,3,0,0),1=
(2,3,0,0),2=
(2,3,0,0),3=
(2,3,0,1),0=a_394
(2,3,0,1),1=a_394
(2,3,0,1),2=a_645
(2,3,0,1),3=a_645
(2,3,0,2),0=a_515
(2,3,0,2),1=a_543
(2,3,0,2),2=a_543
(2,3,0,2),3=a_515
(2,3,0,3),0=a_547
(2,3,0,3),1=a_547
(2,3,0,3),2=a_547
(2,3,0,3),3=a_514
(2,3,1,0),0=a_394
(2,3,1,0),1=a_394
(2,3,1,0),2=a_645
(2,3,1,0),3=a_645
(2,3,1,1),0=a_398
(2,3,1,1),1=a_398
(2,3,1,1),2=a_538
(2,3,1,1),3=a_644
(2,3,1,2),0=a_547
(2,3,1,2),1=a_547
(2,3,1,2),2=a_547
(2,3,1,2),3=a_514
(2,3,1,3),0=a_551
(2,3,1,3),1=a_551
(2,3,1,3),2=a_551
(2,3,1,3),3=a_513
(2,3,2,0),0=a_398
(2,3,2,0),1=a_398
(2,3,2,0),2=a_538
(2,3,2,0),3=a_644
(2,3,2,1),0=a_402
(2,3,2,1),1=a_542
(2,3,2,1),2=a_542
(2,3,2,1),3=a_513
(2,3,2,2),0=a_551
(2,3,2,2),1=a_551
(2,3,2,2),2=a_551
(2,3,2,2),3=a_513
(2,3,2,3),0=a_551
(2,3,2,3),1=a_551
(2,3,2,3),2=a_551
(2,3,2,3),3=a_667
(2,3,3,0),0=a_402
(2,3,3,0),1=a_542
(2,3,3,0),2=a_542
(2,3,3,0),3=a_513
(2,3,3,1),0=a_518
(2,3,3,1),1=a_546
(2,3,3,1),2=a_546
(2,3,3,1),3=a_512
(2,3,3,2),0=a_551
(2,3,3,2),1=a_551
(2,3,3,2),2=a_551
(2,3,3,2),3=a_667
(2,3,3,3),0=a_554
(2,3,3,3),1=a_554
(2,3,3,3),2=a_555
(2,3,3,3),3=a_671
(2,3,4,0),0=
(2,3,4,0),1=
(2,3,4,0),2=
(2,3,4,0),3=
(2,3,4,1),0=
(2,3,4,1),1=
(2,3,4,1),2=
(2,3,4,1),3=
(2,3,4,2),0=
(2,3,4,2),1=
(2,3,4,2),2=
(2,3,4,2),3=
(2,3,4,3),0=
(2,3,4,3),1=
(2,3,4,3),2=
(2,3,4,3),3=
(2,3,5,0),0=a_550
(2,3,5,0),1=a_550
(2,3,5,0),2=a_550
(2,3,5,0),3=a_512
(2,3,5,1),0=a_554
(2,3,5,1),1=a_554
(2,3,5,1),2=a_554
(2,3,5,1),3=a_665
(2,3,5,2),0=a_554
(2,3,5,2),1=a_554
(2,3,5,2),2=a_670
(2,3,5,2),3=a_670
(2,3,5,3),0=a_669
(2,3,5,3),1=a_669
(2,3,5,3),2=a_670
(2,3,5,3),3=a_669
(2,3,6,0),0=a_554
(2,3,6,0),1=a_554
(2,3,6,0),2=a_554
(2,3,6,0),3=a_665
(2,3,6,1),0=a_669
(2,3,6,1),1=a_669
(2,3,6,1),2=a_670
(2,3,6,1),3=a_669
(2,3,6,2),0=a_669
(2,3,6,2),1=a_669
(2,3,6,2),2=a_670
(2,3,6,2),3=a_669
(2,3,6,3),0=
(2,3,6,3),1=
(2,3,6,3),2=
(2,3,6,3),3=
(3,0,0,0),0=
(3,0,0,0),1=
(3,0,0,0),2=
(3,0,0,0),3=
(3,0,0,1),0=a_282
(3,0,0,1),1=a_282
(3,0,0,1),2=a_1
(3,0,0,1),3=a_1
(3,0,0,2),0=a_291
(3,0,0,2),1=a_291
(3,0,0,2),2=a_291
(3,0,0,2),3=a_1
(3,0,0,3),0=a_290
(3,0,0,3),1=a_291
(3,0,0,3),2=a_295
(3,0,0,3),3=a_257
(3,0,1,0),0=a_282
(3,0,1,0),1=a_282
(3,0,1,0),2=a_1
(3,0,1,0),3=a_1
(3,0,1,1),0=a_286
(3,0,1,1),1=a_286
(3,0,1,1),2=a_286
(3,0,1,1),3=a_0
(3,0,1,2),0=a_290
(3,0,1,2),1=a_291
(3,0,1,2),2=a_295
(3,0,1,2),3=a_257
(3,0,1,3),0=a_290
(3,0,1,3),1=a_290
(3,0,1,3),2=a_295
(3,0,1,3),3=a_131
(3,0,2,0),0=a_286
(3,0,2,0),1=a_286
(3,0,2,0),2=a_286
(3,0,2,0),3=a_0
(3,0,2,1),0=a_290
(3,0,2,1),1=a_290
(3,0,2,1),2=a_290
(3,0,2,1),3=a_0
(3,0,2,2),0=a_290
(3,0,2,2),1=a_290
(3,0,2,2),2=a_295
(3,0,2,2),3=a_131
(3,0,2,3),0=a_294
(3,0,2,3),1=a_294
(3,0,2,3),2=a_303
(3,0,2,3),3=a_130
(3,0,3,0),0=a_290
(3,0,3,0),1=a_290
(3,0,3,0),2=a_290
(3,0,3,0),3=a_0
(3,0,3,1),0=a_294
(3,0,3,1),1=a_294
(3,0,3,1),2=a_294
(3,0,3,1),3=a_256
(3,0,3,2),0=a_294
(3,0,3,2),1=a_294
(3,0,3,2),2=a_303
(3,0,3,2),3=a_130
(3,0,3,3),0=a_302
(3,0,3,3),1=a_302
(3,0,3,3),2=a_302
(3,0,3,3),3=a_129
(3,0,4,0),0=a_294
(3,0,4,0),1=a_294
(3,0,4,0),2=a_294
(3,0,4,0),3=a_256
(3,0,4,1),0=a_293
(3,0,4,1),1=a_293
(3,0,4,1),2=a_298
(3,0,4,1),3=a_129
(3,0,4,2),0=a_302
(3,0,4,2),1=a_302
(3,0,4,2),2=a_302
(3,0,4,2),3=a_129
(3,0,4,3),0=a_301
(3,0,4,3),1=a_302
(3,0,4,3),2=a_302
(3,0,4,3),3=a_133
(3,0,5,0),0=a_293
(3,0,5,0),1=a_293
(3,0,5,0),2=a_298
(3,0,5,0),3=a_129
(3,0,5,1),0=a_301
(3,0,5,1),1=a_302
(3,0,5,1),2=a_302
(3,0,5,1),3=a_128
(3,0,5,2),0=a_301
(3,0,5,2),1=a_302
(3,0,5,2),2=a_302
(3,0,5,2),3=a_133
(3,0,5,3),0=a_305
(3,0,5,3),1=a_305
(3,0,5,3),2=a_306
(3,0,5,3),3=a_165
(3,0,6,0),0=a_301
(3,0,6,0),1=a_302
(3,0,6,0),2=a_302
(3,0,6,0),3=a_128
(3,0,6,1),0=a_305
(3,0,6,1),1=a_305
(3,0,6,1),2=a_306
(3,0,6,1),3=a_128
(3,0,6,2),0=a_305
(3,0,6,2),1=a_305
(3,0,6,2),2=a_306
(3,0,6,2),3=a_165
(3,0,6,3),0=
(3,0,6,3),1=
(3,0,6,3),2=
(3,0,6,3),3=
(3,1,0,0),0=
(3,1,0,0),1=
(3,1,0,0),2=
(3,1,0,0),3=
(3,1,0,1),0=a_394
(3,1,0,1),1=a_394
(3,1,0,1),2=a_225
(3,1,0,1),3=a_225
(3,1,0,2),0=a_403
(3,1,0,2),1=a_403
(3,1,0,2),2=a_403
(3,1,0,2),3=a_258
(3,1,0,3),0=a_402
(3,1,0,3),1=a_403
(3,1,0,3),2=a_407
(3,1,0,3),3=a_257
(3,1,1,0),0=a_394
(3,1,1,0),1=a_394
(3,1,1,0),2=a_225
(3,1,1,0),3=a_225
(3,1,1,1),0=a_398
(3,1,1,1),1=a_398
(3,1,1,1),2=a_398
(3,1,1,1),3=a_257
(3,1,1,2),0=a_402
(3,1,1,2),1=a_403
(3,1,1,2),2=a_407
(3,1,1,2),3=a_257
(3,1,1,3),0=a_402
(3,1,1,3),1=a_407
(3,1,1,3),2=a_411
(3,1,1,3),3=a_131
(3,1,2,0),0=a_398
(3,1,2,0),1=a_398
(3,1,2,0),2=a_398
(3,1,2,0),3=a_257
(3,1,2,1),0=a_402
(3,1,2,1),1=a_402
(3,1,2,1),2=a_402
(3,1,2,1),3=a_256
(3,1,2,2),0=a_402
(3,1,2,2),1=a_407
(3,1,2,2),2=a_411
(3,1,2,2),3=a_131
(3,1,2,3),0=a_406
(3,1,2,3),1=a_410
(3,1,2,3),2=a_411
(3,1,2,3),3=a_130
(3,1,3,0),0=a_402
(3,1,3,0),1=a_402
(3,1,3,0),2=a_402
(3,1,3,0),3=a_256
(3,1,3,1),0=a_406
(3,1,3,1),1=a_406
(3,1,3,1),2=a_406
(3,1,3,1),3=a_256
(3,1,3,2),0=a_406
(3,1,3,2),1=a_410
(3,1,3,2),2=a_411
(3,1,3,2),3=a_130
(3,1,3,3),0=a_414
(3,1,3,3),1=a_414
(3,1,3,3),2=a_414
(3,1,3,3),3=a_129
(3,1,4,0),0=a_406
(3,1,4,0),1=a_406
(3,1,4,0),2=a_406
(3,1,4,0),3=a_256
(3,1,4,1),0=a_410
(3,1,4,1),1=a_410
(3,1,4,1),2=a_410
(3,1,4,1),3=a_129
(3,1,4,2),0=a_414
(3,1,4,2),1=a_414
(3,1,4,2),2=a_414
(3,1,4,2),3=a_129
(3,1,4,3),0=a_413
(3,1,4,3),1=a_414
(3,1,4,3),2=a_414
(3,1,4,3),3=a_385
(3,1,5,0),0=a_410
(3,1,5,0),1=a_410
(3,1,5,0),2=a_410
(3,1,5,0),3=a_129
(3,1,5,1),0=a_413
(3,1,5,1),1=a_414
(3,1,5,1),2=a_414
(3,1,5,1),3=a_128
(3,1,5,2),0=a_413
(3,1,5,2),1=a_414
(3,1,5,2),2=a_414
(3,1,5,2),3=a_385
(3,1,5,3),0=a_417
(3,1,5,3),1=a_417
(3,1,5,3),2=a_418
(3,1,5,3),3=a_417
(3,1,6,0),0=a_413
(3,1,6,0),1=a_414
(3,1,6,0),2=a_414
(3,1,6,0),3=a_128
(3,1,6,1),0=a_417
(3,1,6,1),1=a_417
(3,1,6,1),2=a_418
(3,1,6,1),3=a_128
(3,1,6,2),0=a_417
(3,1,6,2),1=a_417
(3,1,6,2),2=a_418
(3,1,6,2),3=a_417
(3,1,6,3),0=
(3,1,6,3),1=
(3,1,6,3),2=
(3,1,6,3),3=
(3,2,0,0),0=
(3,2,0,0),1=
(3,2,0,0),2=
(3,2,0,0),3=
(3,2,0,1),0=a_394
(3,2,0,1),1=a_394
(3,2,0,1),2=a_645
(3,2,0,1),3=a_645
(3,2,0,2),0=a_515
(3,2,0,2),1=a_543
(3,2,0,2),2=a_543
(3,2,0,2),3=a_515
(3,2,0,3),0=a_547
(3,2,0,3),1=a_547
(3,2,0,3),2=a_547
(3,2,0,3),3=a_514
(3,2,1,0),0=a_394
(3,2,1,0),1=a_394
(3,2,1,0),2=a_645
(3,2,1,0),3=a_645
(3,2,1,1),0=a_398
(3,2,1,1),1=a_398
(3,2,1,1),2=a_538
(3,2,1,1),3=a_644
(3,2,1,2),0=a_547
(3,2,1,2),1=a_547
(3,2,1,2),2=a_547
(3,2,1,2),3=a_514
(3,2,1,3),0=a_551
(3,2,1,3),1=a_551
(3,2,1,3),2=a_551
(3,2,1,3),3=a_513
(3,2,2,0),0=a_398
(3,2,2,0),1=a_398
(3,2,2,0),2=a_538
(3,2,2,0),3=a_644
(3,2,2,1),0=a_402
(3,2,2,1),1=a_542
(3,2,2,1),2=a_542
(3,2,2,1),3=a_513
(3,2,2,2),0=a_551
(3,2,2,2),1=a_551
(3,2,2,2),2=a_551
(3,2,2,2),3=a_513
(3,2,2,3),0=a_551
(3,2,2,3),1=a_551
(3,2,2,3),2=a_551
(3,2,2,3),3=a_667
(3,2,3,0),0=a_402
(3,2,3,0),1=a_542
(3,2,3,0),2=a_542
(3,2,3,0),3=a_513
(3,2,3,1),0=a_518
(3,2,3,1),1=a_546
(3,2,3,1),2=a_546
(3,2,3,1),3=a_512
(3,2,3,2),0=a_551
(3,2,3,2),1=a_551
(3,2,3,2),2=a_551
(3,2,3,2),3=a_667
(3,2,3,3),0=a_554
(3,2,3,3),1=a_554
(3,2,3,3),2=a_555
(3,2,3,3),3=a_671
(3,2,4,0),0=a_518
(3,2,4,0),1=a_546
(3,2,4,0),2=a_546
(3,2,4,0),3=a_512
(3,2,4,1),0=a_550
(3,2,4,1),1=a_550
(3,2,4,1),2=a_550
(3,2,4,1),3=a_512
(3,2,4,2),0=a_554
(3,2,4,2),1=a_554
(3,2,4,2),2=a_555
(3,2,4,2),3=a_671
(3,2,4,3),0=a_554
(3,2,4,3),1=a_554
(3,2,4,3),2=a_670
(3,2,4,3),3=a_670
(3,2,5,0),0=a_550
(3,2,5,0),1=a_550
(3,2,5,0),2=a_550
(3,2,5,0),3=a_512
(3,2,5,1),0=a_554
(3,2,5,1),1=a_554
(3,2,5,1),2=a_554
(3,2,5,1),3=a_665
(3,2,5,2),0=a_554
(3,2,5,2),1=a_554
(3,2,5,2),2=a_670
(3,2,5,2),3=a_670
(3,2,5,3),0=a_669
(3,2,5,3),1=a_669
(3,2,5,3),2=a_670
(3,2,5,3),3=a_669
(3,2,6,0),0=a_554
(3,2,6,0),1=a_554
(3,2,6,0),2=a_554
(3,2,6,0),3=a_665
(3,2,6,1),0=a_669
(3,2,6,1),1=a_669
(3,2,6,1),2=a_670
(3,2,6,1),3=a_669
(3,2,6,2),0=a_669
(3,2,6,2),1=a_669
(3,2,6,2),2=a_670
(3,2,6,2),3=a_669
(3,2,6,3),0=
(3,2,6,3),1=
(3,2,6,3),2=
(3,2,6,3),3=
(3,3,0,0),0=
(3,3,0,0),1=
(3,3,0,0),2=
(3,3,0,0),3=
(3,3,0,1),0=a_506
(3,3,0,1),1=a_506
(3,3,0,1),2=a_645
(3,3,0,1),3=a_645
(3,3,0,2),0=a_515
(3,3,0,2),1=a_515
(3,3,0,2),2=a_627
(3,3,0,2),3=a_515
(3,3,0,3),0=a_631
(3,3,0,3),1=a_631
(3,3,0,3),2=a_631
(3,3,0,3),3=a_514
(3,3,1,0),0=a_506
(3,3,1,0),1=a_506
(3,3,1,0),2=a_645
(3,3,1,0),3=a_645
(3,3,1,1),0=a_510
(3,3,1,1),1=a_510
(3,3,1,1),2=a_622
(3,3,1,1),3=a_644
(3,3,1,2),0=a_631
(3,3,1,2),1=a_631
(3,3,1,2),2=a_631
(3,3,1,2),3=a_514
(3,3,1,3),0=a_635
(3,3,1,3),1=a_635
(3,3,1,3),2=a_663
(3,3,1,3),3=a_513
(3,3,2,0),0=a_510
(3,3,2,0),1=a_510
(3,3,2,0),2=a_622
(3,3,2,0),3=a_644
(3,3,2,1),0=a_514
(3,3,2,1),1=a_514
(3,3,2,1),2=a_626
(3,3,2,1),3=a_513
(3,3,2,2),0=a_635
(3,3,2,2),1=a_635
(3,3,2,2),2=a_663
(3,3,2,2),3=a_513
(3,3,2,3),0=a_635
(3,3,2,3),1=a_635
(3,3,2,3),2=a_663
(3,3,2,3),3=a_779
(3,3,3,0),0=a_514
(3,3,3,0),1=a_514
(3,3,3,0),2=a_626
(3,3,3,0),3=a_513
(3,3,3,1),0=a_518
(3,3,3,1),1=a_518
(3,3,3,1),2=a_630
(3,3,3,1),3=a_512
(3,3,3,2),0=a_635
(3,3,3,2),1=a_635
(3,3,3,2),2=a_663
(3,3,3,2),3=a_779
(3,3,3,3),0=a_783
(3,3,3,3),1=a_783
(3,3,3,3),2=a_783
(3,3,3,3),3=a_783
(3,3,4,0),0=a_518
(3,3,4,0),1=a_518
(3,3,4,0),2=a_630
(3,3,4,0),3=a_512
(3,3,4,1),0=a_634
(3,3,4,1),1=a_634
(3,3,4,1),2=a_634
(3,3,4,1),3=a_512
(3,3,4,2),0=a_783
(3,3,4,2),1=a_783
(3,3,4,2),2=a_783
(3,3,4,2),3=a_783
(3,3,4,3),0=a_782
(3,3,4,3),1=a_782
(3,3,4,3),2=a_782
(3,3,4,3),3=a_782
(3,3,5,0),0=a_634
(3,3,5,0),1=a_634
(3,3,5,0),2=a_634
(3,3,5,0),3=a_512
(3,3,5,1),0=a_638
(3,3,5,1),1=a_638
(3,3,5,1),2=a_638
(3,3,5,1),3=a_777
(3,3,5,2),0=a_782
(3,3,5,2),1=a_782
(3,3,5,2),2=a_782
(3,3,5,2),3=a_782
(3,3,5,3),0=a_781
(3,3,5,3),1=a_781
(3,3,5,3),2=a_782
(3,3,5,3),3=a_781
(3,3,6,0),0=a_638
(3,3,6,0),1=a_638
(3,3,6,0),2=a_638
(3,3,6,0),3=a_777
(3,3,6,1),0=a_781
(3,3,6,1),1=a_781
(3,3,6,1),2=a_782
(3,3,6,1),3=a_781
(3,3,6,2),0=a_781
(3,3,6,2),1=a_781
(3,3,6,2),2=a_782
(3,3,6,2),3=a_781
(3,3,6,3),0=
(3,3,6,3),1=
(3,3,6,3),2=
(3,3,6,3),3=
(4,0,0,0),0=
(4,0,0,0),1=
(4,0,0,0),2=
(4,0,0,0),3=
(4,0,0,1),0=a_394
(4,0,0,1),1=a_394
(4,0,0,1),2=a_225
(4,0,0,1),3=a_225
(4,0,0,2),0=a_403
(4,0,0,2),1=a_403
(4,0,0,2),2=a_403
(4,0,0,2),3=a_258
(4,0,0,3),0=a_402
(4,0,0,3),1=a_403
(4,0,0,3),2=a_407
(4,0,0,3),3=a_257
(4,0,1,0),0=a_394
(4,0,1,0),1=a_394
(4,0,1,0),2=a_225
(4,0,1,0),3=a_225
(4,0,1,1),0=a_398
(4,0,1,1),1=a_398
(4,0,1,1),2=a_398
(4,0,1,1),3=a_257
(4,0,1,2),0=a_402
(4,0,1,2),1=a_403
(4,0,1,2),2=a_407
(4,0,1,2),3=a_257
(4,0,1,3),0=a_402
(4,0,1,3),1=a_407
(4,0,1,3),2=a_411
(4,0,1,3),3=a_131
(4,0,2,0),0=a_398
(4,0,2,0),1=a_398
(4,0,2,0),2=a_398
(4,0,2,0),3=a_257
(4,0,2,1),0=a_402
(4,0,2,1),1=a_402
(4,0,2,1),2=a_402
(4,0,2,1),3=a_256
(4,0,2,2),0=a_402
(4,0,2,2),1=a_407
(4,0,2,2),2=a_411
(4,0,2,2),3=a_131
(4,0,2,3),0=a_406
(4,0,2,3),1=a_410
(4,0,2,3),2=a_411
(4,0,2,3),3=a_130
(4,0,3,0),0=a_402
(4,0,3,0),1=a_402
(4,0,3,0),2=a_402
(4,0,3,0),3=a_256
(4,0,3,1),0=a_406
(4,0,3,1),1=a_406
(4,0,3,1),2=a_406
(4,0,3,1),3=a_256
(4,0,3,2),0=a_406
(4,0,3,2),1=a_410
(4,0,3,2),2=a_411
(4,0,3,2),3=a_130
(4,0,3,3),0=a_414
(4,0,3,3),1=a_414
(4,0,3,3),2=a_414
(4,0,3,3),3=a_129
(4,0,4,0),0=a_406
(4,0,4,0),1=a_406
(4,0,4,0),2=a_406
(4,0,4,0),3=a_256
(4,0,4,1),0=a_410
(4,0,4,1),1=a_410
(4,0,4,1),2=a_410
(4,0,4,1),3=a_129
(4,0,4,2),0=a_414
(4,0,4,2),1=a_414
(4,0,4,2),2=a_414
(4,0,4,2),3=a_129
(4,0,4,3),0=a_413
(4,0,4,3),1=a_414
(4,0,4,3),2=a_414
(4,0,4,3),3=a_385
(4,0,5,0),0=a_410
(4,0,5,0),1=a_410
(4,0,5,0),2=a_410
(4,0,5,0),3=a_129
(4,0,5,1),0=a_413
(4,0,5,1),1=a_414
(4,0,5,1),2=a_414
(4,0,5,1),3=a_128
(4,0,5,2),0=a_413
(4,0,5,2),1=a_414
(4,0,5,2),2=a_414
(4,0,5,2),3=a_385
(4,0,5,3),0=a_417
(4,0,5,3),1=a_417
(4,0,5,3),2=a_418
(4,0,5,3),3=a_417
(4,0,6,0),0=a_413
(4,0,6,0),1=a_414
(4,0,6,0),2=a_414
(4,0,6,0),3=a_128
(4,0,6,1),0=a_417
(4,0,6,1),1=a_417
(4,0,6,1),2=a_418
(4,0,6,1),3=a_128
(4,0,6,2),0=a_417
(4,0,6,2),1=a_417
(4,0,6,2),2=a_418
(4,0,6,2),3=a_417
(4,0,6,3),0=
(4,0,6,3),1=
(4,0,6,3),2=
(4,0,6,3),3=
(4,1,0,0),0=
(4,1,0,0),1=
(4,1,0,0),2=
(4,1,0,0),3=
(4,1,0,1),0=a_366
(4,1,0,1),1=a_506
(4,1,0,1),2=a_225
(4,1,0,1),3=a_225
(4,1,0,2),0=a_515
(4,1,0,2),1=a_515
(4,1,0,2),2=a_515
(4,1,0,2),3=a_515
(4,1,0,3),0=a_519
(4,1,0,3),1=a_519
(4,1,0,3),2=a_519
(4,1,0,3),3=a_514
(4,1,1,0),0=a_366
(4,1,1,0),1=a_506
(4,1,1,0),2=a_225
(4,1,1,0),3=a_225
(4,1,1,1),0=a_510
(4,1,1,1),1=a_510
(4,1,1,1),2=a_510
(4,1,1,1),3=a_336
(4,1,1,2),0=a_519
(4,1,1,2),1=a_519
(4,1,1,2),2=a_519
(4,1,1,2),3=a_514
(4,1,1,3),0=a_523
(4,1,1,3),1=a_523
(4,1,1,3),2=a_523
(4,1,1,3),3=a_513
(4,1,2,0),0=a_510
(4,1,2,0),1=a_510
(4,1,2,0),2=a_510
(4,1,2,0),3=a_336
(4,1,2,1),0=a_514
(4,1,2,1),1=a_514
(4,1,2,1),2=a_514
(4,1,2,1),3=a_513
(4,1,2,2),0=a_523
(4,1,2,2),1=a_523
(4,1,2,2),2=a_523
(4,1,2,2),3=a_513
(4,1,2,3),0=a_523
(4,1,2,3),1=a_523
(4,1,2,3),2=a_523
(4,1,2,3),3=a_387
(4,1,3,0),0=a_514
(4,1,3,0),1=a_514
(4,1,3,0),2=a_514
(4,1,3,0),3=a_513
(4,1,3,1),0=a_518
(4,1,3,1),1=a_518
(4,1,3,1),2=a_518
(4,1,3,1),3=a_512
(4,1,3,2),0=a_523
(4,1,3,2),1=a_523
(4,1,3,2),2=a_523
(4,1,3,2),3=a_387
(4,1,3,3),0=a_526
(4,1,3,3),1=a_526
(4,1,3,3),2=a_526
(4,1,3,3),3=a_386
(4,1,4,0),0=a_518
(4,1,4,0),1=a_518
(4,1,4,0),2=a_518
(4,1,4,0),3=a_512
(4,1,4,1),0=a_522
(4,1,4,1),1=a_522
(4,1,4,1),2=a_522
(4,1,4,1),3=a_512
(4,1,4,2),0=a_526
(4,1,4,2),1=a_526
(4,1,4,2),2=a_526
(4,1,4,2),3=a_386
(4,1,4,3),0=a_526
(4,1,4,3),1=a_526
(4,1,4,3),2=a_526
(4,1,4,3),3=a_385
(4,1,5,0),0=a_522
(4,1,5,0),1=a_522
(4,1,5,0),2=a_522
(4,1,5,0),3=a_512
(4,1,5,1),0=a_526
(4,1,5,1),1=a_526
(4,1,5,1),2=a_526
(4,1,5,1),3=a_385
(4,1,5,2),0=a_526
(4,1,5,2),1=a_526
(4,1,5,2),2=a_526
(4,1,5,2),3=a_385
(4,1,5,3),0=a_529
(4,1,5,3),1=a_529
(4,1,5,3),2=a_530
(4,1,5,3),3=a_389
(4,1,6,0),0=a_526
(4,1,6,0),1=a_526
(4,1,6,0),2=a_526
(4,1,6,0),3=a_385
(4,1,6,1),0=a_529
(4,1,6,1),1=a_529
(4,1,6,1),2=a_530
(4,1,6,1),3=a_384
(4,1,6,2),0=a_529
(4,1,6,2),1=a_529
(4,1,6,2),2=a_530
(4,1,6,2),3=a_389
(4,1,6,3),0=
(4,1,6,3),1=
(4,1,6,3),2=
(4,1,6,3),3=
(4,2,0,0),0=
(4,2,0,0),1=
(4,2,0,0),2=
(4,2,0,0),3=
(4,2,0,1),0=a_506
(4,2,0,1),1=a_506
(4,2,0,1),2=a_645
(4,2,0,1),3=a_645
(4,2,0,2),0=a_515
(4,2,0,2),1=a_515
(4,2,0,2),2=a_627
(4,2,0,2),3=a_515
(4,2,0,3),0=a_631
(4,2,0,3),1=a_631
(4,2,0,3),2=a_631
(4,2,0,3),3=a_514
(4,2,1,0),0=a_506
(4,2,1,0),1=a_506
(4,2,1,0),2=a_645
(4,2,1,0),3=a_645
(4,2,1,1),0=a_510
(4,2,1,1),1=a_510
(4,2,1,1),2=a_622
(4,2,1,1),3=a_644
(4,2,1,2),0=a_631
(4,2,1,2),1=a_631
(4,2,1,2),2=a_631
(4,2,1,2),3=a_514
(4,2,1,3),0=a_635
(4,2,1,3),1=a_635
(4,2,1,3),2=a_663
(4,2,1,3),3=a_513
(4,2,2,0),0=a_510
(4,2,2,0),1=a_510
(4,2,2,0),2=a_622
(4,2,2,0),3=a_644
(4,2,2,1),0=a_514
(4,2,2,1),1=a_514
(4,2,2,1),2=a_626
(4,2,2,1),3=a_513
(4,2,2,2),0=a_635
(4,2,2,2),1=a_635
(4,2,2,2),2=a_663
(4,2,2,2),3=a_513
(4,2,2,3),0=a_635
(4,2,2,3),1=a_635
(4,2,2,3),2=a_663
(4,2,2,3),3=a_779
(4,2,3,0),0=a_514
(4,2,3,0),1=a_514
(4,2,3,0),2=a_626
(4,2,3,0),3=a_513
(4,2,3,1),0=a_518
(4,2,3,1),1=a_518
(4,2,3,1),2=a_630
(4,2,3,1),3=a_512
(4,2,3,2),0=a_635
(4,2,3,2),1=a_635
(4,2,3,2),2=a_663
(4,2,3,2),3=a_779
(4,2,3,3),0=a_783
(4,2,3,3),1=a_783
(4,2,3,3),2=a_783
(4,2,3,3),3=a_783
(4,2,4,0),0=a_518
(4,2,4,0),1=a_518
(4,2,4,0),2=a_630
(4,2,4,0),3=a_512
(4,2,4,1),0=a_634
(4,2,4,1),1=a_634
(4,2,4,1),2=a_634
(4,2,4,1),3=a_512
(4,2,4,2),0=a_783
(4,2,4,2),1=a_783
(4,2,4,2),2=a_783
(4,2,4,2),3=a_783
(4,2,4,3),0=a_782
(4,2,4,3),1=a_782
(4,2,4,3),2=a_782
(4,2,4,3),3=a_782
(4,2,5,0),0=a_634
(4,2,5,0),1=a_634
(4,2,5,0),2=a_634
(4,2,5,0),3=a_512
(4,2,5,1),0=a_638
(4,2,5,1),1=a_638
(4,2,5,1),2=a_638
(4,2,5,1),3=a_777
(4,2,5,2),0=a_782
(4,2,5,2),1=a_782
(4,2,5,2),2=a_782
(4,2,5,2),3=a_782
(4,2,5,3),0=a_781
(4,2,5,3),1=a_781
(4,2,5,3),2=a_782
(4,2,5,3),3=a_781
(4,2,6,0),0=a_638
(4,2,6,0),1=a_638
(4,2,6,0),2=a_638
(4,2,6,0),3=a_777
(4,2,6,1),0=a_781
(4,2,6,1),1=a_781
(4,2,6,1),2=a_782
(4,2,6,1),3=a_781
(4,2,6,2),0=a_781
(4,2,6,2),1=a_781
(4,2,6,2),2=a_782
(4,2,6,2),3=a_781
(4,2,6,3),0=
(4,2,6,3),1=
(4,2,6,3),2=
(4,2,6,3),3=
(4,3,0,0),0=
(4,3,0,0),1=
(4,3,0,0),2=
(4,3,0,0),3=
(4,3,0,1),0=a_618
(4,3,0,1),1=a_618
(4,3,0,1),2=a_617
(4,3,0,1),3=a_617
(4,3,0,2),0=a_599
(4,3,0,2),1=a_627
(4,3,0,2),2=a_627
(4,3,0,2),3=a_589
(4,3,0,3),0=a_631
(4,3,0,3),1=a_631
(4,3,0,3),2=a_631
(4,3,0,3),3=a_771
(4,3,1,0),0=a_618
(4,3,1,0),1=a_618
(4,3,1,0),2=a_617
(4,3,1,0),3=a_617
(4,3,1,1),0=a_622
(4,3,1,1),1=a_622
(4,3,1,1),2=a_622
(4,3,1,1),3=a_616
(4,3,1,2),0=a_631
(4,3,1,2),1=a_631
(4,3,1,2),2=a_631
(4,3,1,2),3=a_771
(4,3,1,3),0=a_635
(4,3,1,3),1=a_635
(4,3,1,3),2=a_635
(4,3,1,3),3=a_770
(4,3,2,0),0=a_622
(4,3,2,0),1=a_622
(4,3,2,0),2=a_622
(4,3,2,0),3=a_616
(4,3,2,1),0=a_598
(4,3,2,1),1=a_626
(4,3,2,1),2=a_626
(4,3,2,1),3=a_588
(4,3,2,2),0=a_635
(4,3,2,2),1=a_635
(4,3,2,2),2=a_635
(4,3,2,2),3=a_770
(4,3,2,3),0=a_635
(4,3,2,3),1=a_635
(4,3,2,3),2=a_751
(4,3,2,3),3=a_751
(4,3,3,0),0=a_598
(4,3,3,0),1=a_626
(4,3,3,0),2=a_626
(4,3,3,0),3=a_588
(4,3,3,1),0=a_602
(4,3,3,1),1=a_630
(4,3,3,1),2=a_630
(4,3,3,1),3=a_769
(4,3,3,2),0=a_635
(4,3,3,2),1=a_635
(4,3,3,2),2=a_751
(4,3,3,2),3=a_751
(4,3,3,3),0=a_755
(4,3,3,3),1=a_755
(4,3,3,3),2=a_755
(4,3,3,3),3=a_755
(4,3,4,0),0=a_602
(4,3,4,0),1=a_630
(4,3,4,0),2=a_630
(4,3,4,0),3=a_769
(4,3,4,1),0=a_634
(4,3,4,1),1=a_634
(4,3,4,1),2=a_634
(4,3,4,1),3=a_768
(4,3,4,2),0=a_755
(4,3,4,2),1=a_755
(4,3,4,2),2=a_755
(4,3,4,2),3=a_755
(4,3,4,3),0=a_754
(4,3,4,3),1=a_754
(4,3,4,3),2=a_754
(4,3,4,3),3=a_754
(4,3,5,0),0=a_634
(4,3,5,0),1=a_634
(4,3,5,0),2=a_634
(4,3,5,0),3=a_768
(4,3,5,1),0=a_638
(4,3,5,1),1=a_638
(4,3,5,1),2=a_638
(4,3,5,1),3=a_749
(4,3,5,2),0=a_754
(4,3,5,2),1=a_754
(4,3,5,2),2=a_754
(4,3,5,2),3=a_754
(4,3,5,3),0=a_753
(4,3,5,3),1=a_753
(4,3,5,3),2=a_754
(4,3,5,3),3=a_753
(4,3,6,0),0=a_638
(4,3,6,0),1=a_638
(4,3,6,0),2=a_638
(4,3,6,0),3=a_749
(4,3,6,1),0=a_753
(4,3,6,1),1=a_753
(4,3,6,1),2=a_754
(4,3,6,1),3=a_753
(4,3,6,2),0=a_753
(4,3,6,2),1=a_753
(4,3,6,2),2=a_754
(4,3,6,2),3=a_753
(4,3,6,3),0=
(4,3,6,3),1=
(4,3,6,3),2=
(4,3,6,3),3=
(5,0,0,0),0=
(5,0,0,0),1=
(5,0,0,0),2=
(5,0,0,0),3=
(5,0,0,1),0=
(5,0,0,1),1=
(5,0,0,1),2=
(5,0,0,1),3=
(5,0,0,2),0=
(5,0,0,2),1=
(5,0,0,2),2=
(5,0,0,2),3=
(5,0,0,3),0=
(5,0,0,3),1=
(5,0,0,3),2=
(5,0,0,3),3=
(5,0,1,0),0=
(5,0,1,0),1=
(5,0,1,0),2=
(5,0,1,0),3=
(5,0,1,1),0=
(5,0,1,1),1=
(5,0,1,1),2=
(5,0,1,1),3=
(5,0,1,2),0=
(5,0,1,2),1=
(5,0,1,2),2=
(5,0,1,2),3=
(5,0,1,3),0=
(5,0,1,3),1=
(5,0,1,3),2=
(5,0,1,3),3=
(5,0,2,0),0=a_510
(5,0,2,0),1=a_510
(5,0,2,0),2=a_510
(5,0,2,0),3=a_336
(5,0,2,1),0=a_514
(5,0,2,1),1=a_514
(5,0,2,1),2=a_514
(5,0,2,1),3=a_513
(5,0,2,2),0=a_523
(5,0,2,2),1=a_523
(5,0,2,2),2=a_523
(5,0,2,2),3=a_513
(5,0,2,3),0=a_523
(5,0,2,3),1=a_523
(5,0,2,3),2=a_523
(5,0,2,3),3=a_387
(5,0,3,0),0=a_514
(5,0,3,0),1=a_514
(5,0,3,0),2=a_514
(5,0,3,0),3=a_513
(5,0,3,1),0=a_518
(5,0,3,1),1=a_518
(5,0,3,1),2=a_518
(5,0,3,1),3=a_512
(5,0,3,2),0=a_523
(5,0,3,2),1=a_523
(5,0,3,2),2=a_523
(5,0,3,2),3=a_387
(5,0,3,3),0=a_526
(5,0,3,3),1=a_526
(5,0,3,3),2=a_526
(5,0,3,3),3=a_386
(5,0,4,0),0=a_518
(5,0,4,0),1=a_518
(5,0,4,0),2=a_518
(5,0,4,0),3=a_512
(5,0,4,1),0=a_522
(5,0,4,1),1=a_522
(5,0,4,1),2=a_522
(5,0,4,1),3=a_512
(5,0,4,2),0=a_526
(5,0,4,2),1=a_526
(5,0,4,2),2=a_526
(5,0,4,2),3=a_386
(5,0,4,3),0=a_526
(5,0,4,3),1=a_526
(5,0,4,3),2=a_526
(5,0,4,3),3=a_385
(5,0,5,0),0=a_522
(5,0,5,0),1=a_522
(5,0,5,0),2=a_522
(5,0,5,0),3=a_512
(5,0,5,1),0=a_526
(5,0,5,1),1=a_526
(5,0,5,1),2=a_526
(5,0,5,1),3=a_385
(5,0,5,2),0=a_526
(5,0,5,2),1=a_526
(5,0,5,2),2=a_526
(5,0,5,2),3=a_385
(5,0,5,3),0=a_529
(5,0,5,3),1=a_529
(5,0,5,3),2=a_530
(5,0,5,3),3=a_389
(5,0,6,0),0=a_526
(5,0,6,0),1=a_526
(5,0,6,0),2=a_526
(5,0,6,0),3=a_385
(5,0,6,1),0=a_529
(5,0,6,1),1=a_529
(5,0,6,1),2=a_530
(5,0,6,1),3=a_384
(5,0,6,2),0=a_529
(5,0,6,2),1=a_529
(5,0,6,2),2=a_530
(5,0,6,2),3=a_389
(5,0,6,3),0=
(5,0,6,3),1=
(5,0,6,3),2=
(5,0,6,3),3=
(5,1,0,0),0=
(5,1,0,0),1=
(5,1,0,0),2=
(5,1,0,0),3=
(5,1,0,1),0=
(5,1,0,1),1=
(5,1,0,1),2=
(5,1,0,1),3=
(5,1,0,2),0=
(5,1,0,2),1=
(5,1,0,2),2=
(5,1,0,2),3=
(5,1,0,3),0=
(5,1,0,3),1=
(5,1,0,3),2=
(5,1,0,3),3=
(5,1,1,0),0=
(5,1,1,0),1=
(5,1,1,0),2=
(5,1,1,0),3=
(5,1,1,1),0=
(5,1,1,1),1=
(5,1,1,1),2=
(5,1,1,1),3=
(5,1,1,2),0=
(5,1,1,2),1=
(5,1,1,2),2=
(5,1,1,2),3=
(5,1,1,3),0=
(5,1,1,3),1=
(5,1,1,3),2=
(5,1,1,3),3=
(5,1,2,0),0=a_482
(5,1,2,0),1=a_482
(5,1,2,0),2=a_622
(5,1,2,0),3=a_448
(5,1,2,1),0=a_486
(5,1,2,1),1=a_626
(5,1,2,1),2=a_626
(5,1,2,1),3=a_448
(5,1,2,2),0=a_635
(5,1,2,2),1=a_635
(5,1,2,2),2=a_635
(5,1,2,2),3=a_457
(5,1,2,3),0=a_635
(5,1,2,3),1=a_635
(5,1,2,3),2=a_635
(5,1,2,3),3=a_611
(5,1,3,0),0=a_486
(5,1,3,0),1=a_626
(5,1,3,0),2=a_626
(5,1,3,0),3=a_448
(5,1,3,1),0=a_602
(5,1,3,1),1=a_630
(5,1,3,1),2=a_630
(5,1,3,1),3=a_452
(5,1,3,2),0=a_635
(5,1,3,2),1=a_635
(5,1,3,2),2=a_635
(5,1,3,2),3=a_611
(5,1,3,3),0=a_638
(5,1,3,3),1=a_638
(5,1,3,3),2=a_638
(5,1,3,3),3=a_643
(5,1,4,0),0=a_602
(5,1,4,0),1=a_630
(5,1,4,0),2=a_630
(5,1,4,0),3=a_452
(5,1,4,1),0=a_634
(5,1,4,1),1=a_634
(5,1,4,1),2=a_634
(5,1,4,1),3=a_456
(5,1,4,2),0=a_638
(5,1,4,2),1=a_638
(5,1,4,2),2=a_638
(5,1,4,2),3=a_643
(5,1,4,3),0=a_638
(5,1,4,3),1=a_638
(5,1,4,3),2=a_638
(5,1,4,3),3=a_642
(5,1,5,0),0=a_634
(5,1,5,0),1=a_634
(5,1,5,0),2=a_634
(5,1,5,0),3=a_456
(5,1,5,1),0=a_638
(5,1,5,1),1=a_638
(5,1,5,1),2=a_638
(5,1,5,1),3=a_609
(5,1,5,2),0=a_638
(5,1,5,2),1=a_638
(5,1,5,2),2=a_638
(5,1,5,2),3=a_642
(5,1,5,3),0=a_641
(5,1,5,3),1=a_641
(5,1,5,3),2=a_642
(5,1,5,3),3=a_641
(5,1,6,0),0=a_638
(5,1,6,0),1=a_638
(5,1,6,0),2=a_638
(5,1,6,0),3=a_609
(5,1,6,1),0=a_641
(5,1,6,1),1=a_641
(5,1,6,1),2=a_642
(5,1,6,1),3=a_641
(5,1,6,2),0=a_641
(5,1,6,2),1=a_641
(5,1,6,2),2=a_642
(5,1,6,2),3=a_641
(5,1,6,3),0=
(5,1,6,3),1=
(5,1,6,3),2=
(5,1,6,3),3=
(5,2,0,0),0=
(5,2,0,0),1=
(5,2,0,0),2=
(5,2,0,0),3=
(5,2,0,1),0=
(5,2,0,1),1=
(5,2,0,1),2=
(5,2,0,1),3=
(5,2,0,2),0=
(5,2,0,2),1=
(5,2,0,2),2=
(5,2,0,2),3=
(5,2,0,3),0=
(5,2,0,3),1=
(5,2,0,3),2=
(5,2,0,3),3=
(5,2,1,0),0=
(5,2,1,0),1=
(5,2,1,0),2=
(5,2,1,0),3=
(5,2,1,1),0=
(5,2,1,1),1=
(5,2,1,1),2=
(5,2,1,1),3=
(5,2,1,2),0=
(5,2,1,2),1=
(5,2,1,2),2=
(5,2,1,2),3=
(5,2,1,3),0=
(5,2,1,3),1=
(5,2,1,3),2=
(5,2,1,3),3=
(5,2,2,0),0=a_622
(5,2,2,0),1=a_622
(5,2,2,0),2=a_622
(5,2,2,0),3=a_616
(5,2,2,1),0=a_598
(5,2,2,1),1=a_626
(5,2,2,1),2=a_626
(5,2,2,1),3=a_588
(5,2,2,2),0=a_635
(5,2,2,2),1=a_635
(5,2,2,2),2=a_635
(5,2,2,2),3=a_770
(5,2,2,3),0=a_635
(5,2,2,3),1=a_635
(5,2,2,3),2=a_751
(5,2,2,3),3=a_751
(5,2,3,0),0=a_598
(5,2,3,0),1=a_626
(5,2,3,0),2=a_626
(5,2,3,0),3=a_588
(5,2,3,1),0=a_602
(5,2,3,1),1=a_630
(5,2,3,1),2=a_630
(5,2,3,1),3=a_769
(5,2,3,2),0=a_635
(5,2,3,2),1=a_635
(5,2,3,2),2=a_751
(5,2,3,2),3=a_751
(5,2,3,3),0=a_755
(5,2,3,3),1=a_755
(5,2,3,3),2=a_755
(5,2,3,3),3=a_755
(5,2,4,0),0=a_602
(5,2,4,0),1=a_630
(5,2,4,0),2=a_630
(5,2,4,0),3=a_769
(5,2,4,1),0=a_634
(5,2,4,1),1=a_634
(5,2,4,1),2=a_634
(5,2,4,1),3=a_768
(5,2,4,2),0=a_755
(5,2,4,2),1=a_755
(5,2,4,2),2=a_755
(5,2,4,2),3=a_755
(5,2,4,3),0=a_754
(5,2,4,3),1=a_754
(5,2,4,3),2=a_754
(5,2,4,3),3=a_754
(5,2,5,0),0=a_634
(5,2,5,0),1=a_634
(5,2,5,0),2=a_634
(5,2,5,0),3=a_768
(5,2,5,1),0=a_638
(5,2,5,1),1=a_638
(5,2,5,1),2=a_638
(5,2,5,1),3=a_749
(5,2,5,2),0=a_754
(5,2,5,2),1=a_754
(5,2,5,2),2=a_754
(5,2,5,2),3=a_754
(5,2,5,3),0=a_753
(5,2,5,3),1=a_753
(5,2,5,3),2=a_754
(5,2,5,3),3=a_753
(5,2,6,0),0=a_638
(5,2,6,0),1=a_638
(5,2,6,0),2=a_638
(5,2,6,0),3=a_749
(5,2,6,1),0=a_753
(5,2,6,1),1=a_753
(5,2,6,1),2=a_754
(5,2,6,1),3=a_753
(5,2,6,2),0=a_753
(5,2,6,2),1=a_753
(5,2,6,2),2=a_754
(5,2,6,2),3=a_753
(5,2,6,3),0=
(5,2,6,3),1=
(5,2,6,3),2=
(5,2,6,3),3=
(5,3,0,0),0=
(5,3,0,0),1=
(5,3,0,0),2=
(5,3,0,0),3=
(5,3,0,1),0=
(5,3,0,1),1=
(5,3,0,1),2=
(5,3,0,1),3=
(5,3,0,2),0=
(5,3,0,2),1=
(5,3,0,2),2=
(5,3,0,2),3=
(5,3,0,3),0=
(5,3,0,3),1=
(5,3,0,3),2=
(5,3,0,3),3=
(5,3,1,0),0=
(5,3,1,0),1=
(5,3,1,0),2=
(5,3,1,0),3=
(5,3,1,1),0=
(5,3,1,1),1=
(5,3,1,1),2=
(5,3,1,1),3=
(5,3,1,2),0=
(5,3,1,2),1=
(5,3,1,2),2=
(5,3,1,2),3=
(5,3,1,3),0=
(5,3,1,3),1=
(5,3,1,3),2=
(5,3,1,3),3=
(5,3,2,0),0=a_706
(5,3,2,0),1=a_706
(5,3,2,0),2=a_734
(5,3,2,0),3=a_705
(5,3,2,1),0=a_710
(5,3,2,1),1=a_710
(5,3,2,1),2=a_738
(5,3,2,1),3=a_704
(5,3,2,2),0=a_719
(5,3,2,2),1=a_719
(5,3,2,2),2=a_747
(5,3,2,2),3=a_737
(5,3,2,3),0=a_723
(5,3,2,3),1=a_719
(5,3,2,3),2=a_751
(5,3,2,3),3=a_751
(5,3,3,0),0=a_710
(5,3,3,0),1=a_710
(5,3,3,0),2=a_738
(5,3,3,0),3=a_704
(5,3,3,1),0=a_714
(5,3,3,1),1=a_714
(5,3,3,1),2=a_742
(5,3,3,1),3=a_704
(5,3,3,2),0=a_723
(5,3,3,2),1=a_719
(5,3,3,2),2=a_751
(5,3,3,2),3=a_751
(5,3,3,3),0=a_727
(5,3,3,3),1=a_727
(5,3,3,3),2=a_755
(5,3,3,3),3=a_755
(5,3,4,0),0=a_714
(5,3,4,0),1=a_714
(5,3,4,0),2=a_742
(5,3,4,0),3=a_704
(5,3,4,1),0=a_718
(5,3,4,1),1=a_718
(5,3,4,1),2=a_746
(5,3,4,1),3=a_736
(5,3,4,2),0=a_727
(5,3,4,2),1=a_727
(5,3,4,2),2=a_755
(5,3,4,2),3=a_755
(5,3,4,3),0=a_726
(5,3,4,3),1=a_754
(5,3,4,3),2=a_754
(5,3,4,3),3=a_726
(5,3,5,0),0=a_718
(5,3,5,0),1=a_718
(5,3,5,0),2=a_746
(5,3,5,0),3=a_736
(5,3,5,1),0=a_722
(5,3,5,1),1=a_722
(5,3,5,1),2=a_750
(5,3,5,1),3=a_749
(5,3,5,2),0=a_726
(5,3,5,2),1=a_754
(5,3,5,2),2=a_754
(5,3,5,2),3=a_726
(5,3,5,3),0=a_725
(5,3,5,3),1=a_725
(5,3,5,3),2=a_754
(5,3,5,3),3=a_725
(5,3,6,0),0=a_722
(5,3,6,0),1=a_722
(5,3,6,0),2=a_750
(5,3,6,0),3=a_749
(5,3,6,1),0=a_725
(5,3,6,1),1=a_725
(5,3,6,1),2=a_754
(5,3,6,1),3=a_725
(5,3,6,2),0=a_725
(5,3,6,2),1=a_725
(5,3,6,2),2=a_754
(5,3,6,2),3=a_725
(5,3,6,3),0=
(5,3,6,3),1=
(5,3,6,3),2=
(5,3,6,3),3=
(6,0,0,0),0=
(6,0,0,0),1=
(6,0,0,0),2=
(6,0,0,0),3=
(6,0,0,1),0=
(6,0,0,1),1=
(6,0,0,1),2=
(6,0,0,1),3=
(6,0,0,2),0=
(6,0,0,2),1=
(6,0,0,2),2=
(6,0,0,2),3=
(6,0,0,3),0=
(6,0,0,3),1=
(6,0,0,3),2=
(6,0,0,3),3=
(6,0,1,0),0=
(6,0,1,0),1=
(6,0,1,0),2=
(6,0,1,0),3=
(6,0,1,1),0=
(6,0,1,1),1=
(6,0,1,1),2=
(6,0,1,1),3=
(6,0,1,2),0=
(6,0,1,2),1=
(6,0,1,2),2=
(6,0,1,2),3=
(6,0,1,3),0=
(6,0,1,3),1=
(6,0,1,3),2=
(6,0,1,3),3=
(6,0,2,0),0=a_482
(6,0,2,0),1=a_482
(6,0,2,0),2=a_622
(6,0,2,0),3=a_448
(6,0,2,1),0=a_486
(6,0,2,1),1=a_626
(6,0,2,1),2=a_626
(6,0,2,1),3=a_448
(6,0,2,2),0=a_635
(6,0,2,2),1=a_635
(6,0,2,2),2=a_635
(6,0,2,2),3=a_457
(6,0,2,3),0=a_635
(6,0,2,3),1=a_635
(6,0,2,3),2=a_635
(6,0,2,3),3=a_611
(6,0,3,0),0=a_486
(6,0,3,0),1=a_626
(6,0,3,0),2=a_626
(6,0,3,0),3=a_448
(6,0,3,1),0=a_602
(6,0,3,1),1=a_630
(6,0,3,1),2=a_630
(6,0,3,1),3=a_452
(6,0,3,2),0=a_635
(6,0,3,2),1=a_635
(6,0,3,2),2=a_635
(6,0,3,2),3=a_611
(6,0,3,3),0=a_638
(6,0,3,3),1=a_638
(6,0,3,3),2=a_638
(6,0,3,3),3=a_643
(6,0,4,0),0=a_602
(6,0,4,0),1=a_630
(6,0,4,0),2=a_630
(6,0,4,0),3=a_452
(6,0,4,1),0=a_634
(6,0,4,1),1=a_634
(6,0,4,1),2=a_634
(6,0,4,1),3=a_456
(6,0,4,2),0=a_638
(6,0,4,2),1=a_638
(6,0,4,2),2=a_638
(6,0,4,2),3=a_643
(6,0,4,3),0=a_638
(6,0,4,3),1=a_638
(6,0,4,3),2=a_638
(6,0,4,3),3=a_642
(6,0,5,0),0=a_634
(6,0,5,0),1=a_634
(6,0,5,0),2=a_634
(6,0,5,0),3=a_456
(6,0,5,1),0=a_638
(6,0,5,1),1=a_638
(6,0,5,1),2=a_638
(6,0,5,1),3=a_609
(6,0,5,2),0=a_638
(6,0,5,2),1=a_638
(6,0,5,2),2=a_638
(6,0,5,2),3=a_642
(6,0,5,3),0=a_641
(6,0,5,3),1=a_641
(6,0,5,3),2=a_642
(6,0,5,3),3=a_641
(6,1,0,0),0=
(6,1,0,0),1=
(6,1,0,0),2=
(6,1,0,0),3=
(6,1,0,1),0=
(6,1,0,1),1=
(6,1,0,1),2=
(6,1,0,1),3=
(6,1,0,2),0=
(6,1,0,2),1=
(6,1,0,2),2=
(6,1,0,2),3=
(6,1,0,3),0=
(6,1,0,3),1=
(6,1,0,3),2=
(6,1,0,3),3=
(6,1,1,0),0=
(6,1,1,0),1=
(6,1,1,0),2=
(6,1,1,0),3=
(6,1,1,1),0=
(6,1,1,1),1=
(6,1,1,1),2=
(6,1,1,1),3=
(6,1,1,2),0=
(6,1,1,2),1=
(6,1,1,2),2=
(6,1,1,2),3=
(6,1,1,3),0=
(6,1,1,3),1=
(6,1,1,3),2=
(6,1,1,3),3=
(6,1,2,0),0=a_454
(6,1,2,0),1=a_454
(6,1,2,0),2=a_734
(6,1,2,0),3=a_560
(6,1,2,1),0=a_598
(6,1,2,1),1=a_598
(6,1,2,1),2=a_738
(6,1,2,1),3=a_560
(6,1,2,2),0=a_719
(6,1,2,2),1=a_719
(6,1,2,2),2=a_747
(6,1,2,2),3=a_569
(6,1,2,3),0=a_723
(6,1,2,3),1=a_719
(6,1,2,3),2=a_751
(6,1,2,3),3=a_723
(6,1,3,0),0=a_598
(6,1,3,0),1=a_598
(6,1,3,0),2=a_738
(6,1,3,0),3=a_560
(6,1,3,1),0=a_602
(6,1,3,1),1=a_714
(6,1,3,1),2=a_742
(6,1,3,1),3=a_564
(6,1,3,2),0=a_723
(6,1,3,2),1=a_719
(6,1,3,2),2=a_751
(6,1,3,2),3=a_723
(6,1,3,3),0=a_727
(6,1,3,3),1=a_727
(6,1,3,3),2=a_755
(6,1,3,3),3=a_727
(6,1,4,0),0=a_602
(6,1,4,0),1=a_714
(6,1,4,0),2=a_742
(6,1,4,0),3=a_564
(6,1,4,1),0=a_718
(6,1,4,1),1=a_718
(6,1,4,1),2=a_746
(6,1,4,1),3=a_568
(6,1,4,2),0=a_727
(6,1,4,2),1=a_727
(6,1,4,2),2=a_755
(6,1,4,2),3=a_727
(6,1,4,3),0=a_726
(6,1,4,3),1=a_754
(6,1,4,3),2=a_754
(6,1,4,3),3=a_726
(6,1,5,0),0=a_718
(6,1,5,0),1=a_718
(6,1,5,0),2=a_746
(6,1,5,0),3=a_568
(6,1,5,1),0=a_722
(6,1,5,1),1=a_722
(6,1,5,1),2=a_750
(6,1,5,1),3=a_721
(6,1,5,2),0=a_726
(6,1,5,2),1=a_754
(6,1,5,2),2=a_754
(6,1,5,2),3=a_726
(6,1,5,3),0=a_725
(6,1,5,3),1=a_725
(6,1,5,3),2=a_754
(6,1,5,3),3=a_725
(6,2,0,0),0=
(6,2,0,0),1=
(6,2,0,0),2=
(6,2,0,0),3=
(6,2,0,1),0=
(6,2,0,1),1=
(6,2,0,1),2=
(6,2,0,1),3=
(6,2,0,2),0=
(6,2,0,2),1=
(6,2,0,2),2=
(6,2,0,2),3=
(6,2,0,3),0=
(6,2,0,3),1=
(6,2,0,3),2=
(6,2,0,3),3=
(6,2,1,0),0=
(6,2,1,0),1=
(6,2,1,0),2=
(6,2,1,0),3=
(6,2,1,1),0=
(6,2,1,1),1=
(6,2,1,1),2=
(6,2,1,1),3=
(6,2,1,2),0=
(6,2,1,2),1=
(6,2,1,2),2=
(6,2,1,2),3=
(6,2,1,3),0=
(6,2,1,3),1=
(6,2,1,3),2=
(6,2,1,3),3=
(6,2,2,0),0=a_706
(6,2,2,0),1=a_706
(6,2,2,0),2=a_734
(6,2,2,0),3=a_705
(6,2,2,1),0=a_710
(6,2,2,1),1=a_710
(6,2,2,1),2=a_738
(6,2,2,1),3=a_704
(6,2,2,2),0=a_719
(6,2,2,2),1=a_719
(6,2,2,2),2=a_747
(6,2,2,2),3=a_737
(6,2,2,3),0=a_723
(6,2,2,3),1=a_719
(6,2,2,3),2=a_751
(6,2,2,3),3=a_751
(6,2,3,0),0=a_710
(6,2,3,0),1=a_710
(6,2,3,0),2=a_738
(6,2,3,0),3=a_704
(6,2,3,1),0=a_714
(6,2,3,1),1=a_714
(6,2,3,1),2=a_742
(6,2,3,1),3=a_704
(6,2,3,2),0=a_723
(6,2,3,2),1=a_719
(6,2,3,2),2=a_751
(6,2,3,2),3=a_751
(6,2,3,3),0=a_727
(6,2,3,3),1=a_727
(6,2,3,3),2=a_755
(6,2,3,3),3=a_755
(6,2,4,0),0=a_714
(6,2,4,0),1=a_714
(6,2,4,0),2=a_742
(6,2,4,0),3=a_704
(6,2,4,1),0=a_718
(6,2,4,1),1=a_718
(6,2,4,1),2=a_746
(6,2,4,1),3=a_736
(6,2,4,2),0=a_727
(6,2,4,2),1=a_727
(6,2,4,2),2=a_755
(6,2,4,2),3=a_755
(6,2,4,3),0=a_726
(6,2,4,3),1=a_754
(6,2,4,3),2=a_754
(6,2,4,3),3=a_726
(6,2,5,0),0=a_718
(6,2,5,0),1=a_718
(6,2,5,0),2=a_746
(6,2,5,0),3=a_736
(6,2,5,1),0=a_722
(6,2,5,1),1=a_722
(6,2,5,1),2=a_750
(6,2,5,1),3=a_749
(6,2,5,2),0=a_726
(6,2,5,2),1=a_754
(6,2,5,2),2=a_754
(6,2,5,2),3=a_726
(6,2,5,3),0=a_725
(6,2,5,3),1=a_725
(6,2,5,3),2=a_754
(6,2,5,3),3=a_725
(6,3,0,0),0=
(6,3,0,0),1=
(6,3,0,0),2=
(6,3,0,0),3=
(6,3,0,1),0=
(6,3,0,1),1=
(6,3,0,1),2=
(6,3,0,1),3=
(6,3,0,2),0=
(6,3,0,2),1=
(6,3,0,2),2=
(6,3,0,2),3=
(6,3,0,3),0=
(6,3,0,3),1=
(6,3,0,3),2=
(6,3,0,3),3=
(6,3,1,0),0=
(6,3,1,0),1=
(6,3,1,0),2=
(6,3,1,0),3=
(6,3,1,1),0=
(6,3,1,1),1=
(6,3,1,1),2=
(6,3,1,1),3=
(6,3,1,2),0=
(6,3,1,2),1=
(6,3,1,2),2=
(6,3,1,2),3=
(6,3,1,3),0=
(6,3,1,3),1=
(6,3,1,3),2=
(6,3,1,3),3=
(6,3,2,0),0=
(6,3,2,0),1=
(6,3,2,0),2=
(6,3,2,0),3=
(6,3,2,1),0=
(6,3,2,1),1=
(6,3,2,1),2=
(6,3,2,1),3=
(6,3,2,2),0=
(6,3,2,2),1=
(6,3,2,2),2=
(6,3,2,2),3=
(6,3,2,3),0=
(6,3,2,3),1=
(6,3,2,3),2=
(6,3,2,3),3=
(6,3,3,0),0=
(6,3,3,0),1=
(6,3,3,0),2=
(6,3,3,0),3=
(6,3,3,1),0=
(6,3,3,1),1=
(6,3,3,1),2=
(6,3,3,1),3=
(6,3,3,2),0=
(6,3,3,2),1=
(6,3,3,2),2=
(6,3,3,2),3=
(6,3,3,3),0=
(6,3,3,3),1=
(6,3,3,3),2=
(6,3,3,3),3=
(6,3,4,0),0=
(6,3,4,0),1=
(6,3,4,0),2=
(6,3,4,0),3=
(6,3,4,1),0=
(6,3,4,1),1=
(6,3,4,1),2=
(6,3,4,1),3=
(6,3,4,2),0=
(6,3,4,2),1=
(6,3,4,2),2=
(6,3,4,2),3=
(6,3,4,3),0=
(6,3,4,3),1=
(6,3,4,3),2=
(6,3,4,3),3=
(6,3,5,0),0=
(6,3,5,0),1=
(6,3,5,0),2=
(6,3,5,0),3=
(6,3,5,1),0=
(6,3,5,1),1=
(6,3,5,1),2=
(6,3,5,1),3=
(6,3,5,2),0=
(6,3,5,2),1=
(6,3,5,2),2=
(6,3,5,2),3=
(6,3,5,3),0=
(6,3,5,3),1=
(6,3,5,3),2=
(6,3,5,3),3=
